Protein IDs	Reporter intensity 1 PNNL SC Chip 1 B	Reporter intensity 2 PNNL SC Chip 1 B	Reporter intensity 3 PNNL SC Chip 1 B	Reporter intensity 4 PNNL SC Chip 1 B	Reporter intensity 5 PNNL SC Chip 1 B	Reporter intensity 6 PNNL SC Chip 1 B	Reporter intensity 7 PNNL SC Chip 1 B	Reporter intensity 8 PNNL SC Chip 1 B	Reporter intensity 9 PNNL SC Chip 1 B	Reporter intensity 10 PNNL SC Chip 1 B
A6NHQ2	1050.3	494.14	561.89	452.18	1343.7	501.69	1027.2	1342.4	0	55839
P62308;A8MWD9	2190.8	1862.3	9616.3	3213.3	3066.6	3033	2571.1	3622	303.57	90809
Q99613;B5ME19	1954	1243.5	2545.1	3754.5	4397.7	3297.9	3224.2	5410.4	0	125900
C9JRZ8	1804.7	515.75	3138.1	1136.9	894.87	376.02	0	1342	0	35117
CON__ENSEMBL:ENSBTAP00000007350;CON__P01030;P39748;P0C0L5;P0C0L4	26117	19645	21158	18786	29144	26183	28298	17054	0	526430
CON__ENSEMBL:ENSBTAP00000016046;P23142	0	0	271.51	0	923.88	483.81	0	1379.8	0	34743
CON__ENSEMBL:ENSBTAP00000024146;P01023;P20742	49331	39232	44480	39061	55132	34772	45117	84544	1640.8	2753000
CON__O43790;CON__Q6NT21;CON__P78385;CON__Q14533;O43790;P78385;Q14533;CON__Q61726;CON__P78386;A6NCN2;P78386	0	0	0	0	0	0	0	0	0	0
CON__P00761;Q9BYE2	404130	408810	421770	420350	438010	423660	393660	38308	7471.1	822220
CON__P01966;P69905	581.9	320.71	913.7	449.21	497.74	509.82	0	693.14	0	17044
CON__P02533;P02533;CON__Q04695;CON__Q9QWL7;CON__Q6IFX2;Q04695	0	0	0	0	0	0	0	0	0	0
CON__P02584	7668.6	954.36	6855	6023.4	4740.8	3878.8	3990.4	8799.9	525.3	346050
CON__P02768-1;P02768;Q92985	4815.5	2904.3	3534.9	3149.2	4952.2	4615.6	2500	702.55	0	22535
CON__P02769	165820	136370	357000	364070	347240	288300	46620	57104	1113	1424500
CON__P04258	4564.9	2016	5628.7	4571.9	4040.4	3804.4	2754.8	3990.8	0	100240
CON__P06868	356.18	0	515.12	319.37	903.98	581.92	0	0	0	5974.1
CON__P07477;P07477	1509	2191.1	3360	2338.3	4174.3	2664.3	5148	8221.1	424.59	288900
CON__P12763;P02765	16592	14288	38116	39718	42896	37095	9447.5	6523.4	0	193190
P13645;CON__P13645;CON__P02535-1;CON__P08730-1;Q7Z3Y7;Q2M2I5;CON__Q2M2I5;CON__Q7Z3Y7;CON__Q7Z3Y8;CON__Q148H6;CON__P05784;Q7Z3Y8;CON__Q7Z3Z0;CON__O76015;P05783;O76013;CON__O76013;CON__Q9Z2K1;CON__O76014;CON__Q3ZAW8;O76015;Q7Z3Z0;O76014;CON__A2AB72	788.94	756.05	1046.7	532.18	534.27	765.05	708.08	539.15	0	13990
CON__P13647;P13647	0	0	0	0	0	0	0	0	0	0
CON__P15497	0	300.99	918.88	924.54	615.08	592.12	571.45	551.59	0	22926
CON__P15636	5716.5	3031	5384.5	5475.3	7286.9	4919.7	10164	27118	502.82	988390
CON__P34955	23951	23821	50822	52320	52177	41830	9636.1	18196	776.77	445530
CON__P35908	0	0	0	0	0	0	0	0	0	0
CON__P35908v2;P35908	3425.4	2065.9	2360.4	2586.9	2926.2	2013.7	2113.6	856.66	0	35294
CON__P62894;P99999	695.78	0	1287.5	983.87	1185.6	1261.2	775.99	2038.5	0	60486
CON__Q29443;CON__Q0IIK2	1894.1	2111.2	4709.3	5220.1	3850	2432.7	1445.3	1786.8	0	45807
CON__Q14525;CON__Q9UE12;CON__Q15323;Q14525;Q15323;CON__Q6NTB9;CON__O76009;CON__Q497I4;O76009;CON__Q9D646;CON__A2A5Y0;CON__Q92764;CON__Q14532;CON__REFSEQ:XP_986630;Q14532;Q92764	0	0	0	0	0	0	0	0	0	0
CON__Q3SX09;P68871;P02042	2566.3	1587.5	4274.7	3093.3	3239.4	2618.8	3405.6	4218.5	0	135970
CON__Q3SX14;P06396	8414.6	3531.1	9448.9	8948.2	11837	9154.2	8465.3	10819	0	428900
CON__Q3SZV7	511.71	0	1021.4	497.42	780.82	366.86	318.93	1130.5	0	44600
CON__Q3ZBD7	5478.4	1693.9	6294.2	7320.8	7066.4	4573.1	6161.4	13820	0	456050
CON__Q3ZBS7	546.2	0	0	344.66	455.3	292.52	330.19	553.88	0	28769
CON__Q5D862;Q5D862	0	0	0	0	0	0	0	0	0	0
CON__Q86YZ3;Q86YZ3	1476.5	2308.9	2280.6	3682.2	5939.3	5106.7	4715.8	0	0	820.35
E9PAV3;Q13765;Q9BZK3	4501.4	484.7	4116	5169.5	5061.8	3742.7	4406.9	12147	344.67	338190
G2XKQ0;P63165	0	0	502.47	557.16	551.74	361.96	362.41	1578.6	0	39921
O00148	2529.4	1917.9	3911.5	2948.5	7224.2	2675.2	2534.7	3567	0	112040
O00151	654.49	309.53	482.16	387.84	1142.1	1048.8	1172.7	1563.4	0	57919
O00159;Q9UBC5	536.03	0	1052.8	663	878.81	822.18	911.53	2370.6	0	87214
O00231	4540.9	4326	6301.4	5640.5	7232.9	3844.3	3390.8	4734.7	0	140680
O00232	476.75	724.59	1005.7	883.62	2178.2	620.36	1056	192	0	4395.5
O00264	1426.7	650.2	1385.7	1491.2	1928.7	1086.6	1614	3581.7	0	112350
O00299	7856.8	3627.5	7344.7	9667.7	8166	7586.4	6845.8	10818	0	366440
O00303	1897.6	1445.3	3119	2525.1	6961.8	5844.7	2956.6	4757.4	0	143920
O00330	0	0	0	0	0	0	0	0	0	0
O00410	0	0	0	0	0	0	0	0	0	0
O00425	0	0	0	0	0	0	0	0	0	0
O00469	824.25	506.46	961.12	860.52	1822.7	1031.4	1237.6	867.34	0	37961
O00483	2395.1	396.59	2506.6	2312.7	2244.9	533.35	2208	6796.1	0	217260
O00487	475.81	324.19	2437.1	1057.8	1690.7	557.77	454.98	754.46	0	32096
O00499	0	0	0	0	0	0	0	0	0	0
O00534	0	0	0	0	0	0	0	0	0	0
O00567	0	0	0	0	0	0	0	0	0	0
O00571;O15523	11319	4034.6	11041	11662	14105	10065	8789.3	13012	0	493740
O00629;O00505	787.95	951.99	1437.8	1292	1440.6	1137.7	2028.1	1789.6	0	89219
O14497	5604.4	1223.4	2920.7	3372.9	3610.8	1905.3	3192	5777.5	0	230140
P47813;O14602	2583.6	741.45	2471.1	1286.9	2292.6	1614.9	1634.3	5501	0	130140
O14737	0	0	0	0	0	0	0	0	0	0
O14745	775.21	373.65	0	318.71	609.03	367.72	660.8	1278.5	0	46610
O14776	431.73	2207.2	546.03	1468.3	1850.1	615.67	544.03	949.14	0	33318
O14818;Q8TAA3	4614.8	7095	5505.8	8529.6	8940.3	5289.4	5203.9	7883.6	0	307550
P19105;O14950;P24844	7445.1	498.79	4411.8	4008.7	11778	8526.9	6654.5	11953	0	378260
O14979	0	0	0	0	0	0	0	0	0	0
O14980	421.52	0	767.29	342.18	623.87	539.36	276	0	0	6676.2
O15031	785.05	415.31	272.3	1178.3	728.04	544.95	1171.6	1510	0	58377
O15143	5378.7	2693.6	6537.6	7387.1	9470.6	6930.2	6346	8706.9	0	252080
O15144	8245.8	10138	10307	10311	39362	11252	9445.7	15771	0	521260
O15145	1849.2	2280.3	4729.1	1854.5	4160.3	3106.8	1338.5	3608.9	0	114400
O15212	1047.1	552.46	908.78	690.09	1134.6	721.92	949.76	2366.1	0	61643
O15258	956.57	4230.3	1089.1	1280.5	3383.2	941.39	1590.9	2971.5	0	66740
O15371	3104.5	1499.2	3024.5	2914.5	10430	2347.7	3077.6	5184.7	0	161060
O15372	1535.7	0	1555.2	1661.5	2252.6	1145.1	1490.7	3023	0	109490
O15400	439.68	0	301.52	0	0	0	0	585.23	0	19795
O15460	1543.3	328.58	697.43	952.34	2002.8	1573.2	1781.4	3800.8	0	136790
O15511	995.04	643.33	1396.2	1050.7	1445.6	588.73	1139.6	3201.1	0	95763
O43143	2867.4	8185.6	3042.4	11545	312630	5198.1	4247.3	4342.5	0	120730
O43175	4351.4	7244.5	4603	7797.5	5939.7	3727.2	3705.8	7511.6	330.88	249270
O43242	0	0	0	0	0	0	0	0	0	0
O43390	634.76	526.93	1355	1864.7	1736.7	1533.8	5020.4	2429.8	0	58940
O43396	1505.9	1313.1	1835.8	2726.8	3678.6	1657.4	2247.2	5224.2	0	175150
O43399	2366.2	0	1863.4	1410.6	2688.7	1608.6	2925.8	3461.1	0	146170
O43402	0	0	0	0	0	0	0	0	0	0
O43491;Q9Y2J2	654.68	601.45	559.92	940.95	1205.3	872.28	556.83	915.24	0	42257
O43615	880.87	2191.8	2089.6	1779.7	2017.5	1170.6	1216.5	320.92	0	25113
O43681	1015.7	0	1103.1	749.72	624.59	1418	1074.9	1352.6	0	60587
O43684	0	0	0	0	0	0	0	0	0	0
O43707;Q9H254	35538	14886	32334	46319	49825	50617	36922	69913	3328.8	2188000
O43747	2101.6	1237	4060.9	1171.4	2384.8	1372.3	1085.9	500.36	0	8386.7
O43776	651.13	0	370.93	501.95	1327.1	847.5	1121.5	2038.1	0	50264
O43837	821.65	628.68	900.7	1047	1169.3	666.26	742.94	1380.3	0	48239
O43852	6526.8	838.52	4321.7	4564.5	5868.4	5008.3	6862.1	11443	0	391070
O60216	765.5	0	723.59	309.17	975.01	363.62	679.15	1393.2	0	47774
O60220	0	0	0	0	0	0	0	0	0	0
O60493;Q9UMY4	1433.2	362.03	1273.6	1154.7	1751.9	1384.4	1530.1	2880.2	0	106860
O60506	10749	5519.2	10909	8483.8	11986	8359.4	11114	19868	0	601920
O60568	637.81	0	410.78	814.07	658.66	464.03	820.34	1389.2	0	42191
O60613	602.57	1154.3	1627.3	1153	1551.3	1337.3	988.54	1042.8	0	30380
Q9HAW9;Q9HAW8;Q9HAW7;O60656;P19224;P22309;P35504;P35503;P22310	965.31	652.7	989.44	936.59	639.64	987.68	848.28	2330.1	0	69175
O60716	4141.9	2653.8	5218.5	4793.7	8837.8	4019.1	3886.6	4950.3	0	194250
O60749;Q13596	775.35	748.77	446.79	1001.2	778.55	850.16	1040.5	1023.3	367.36	32568
O60763	0	0	0	0	0	0	0	0	0	0
Q99879;Q99877;Q93079;Q5QNW6;P62807;P58876;O60814;P57053;Q16778;P33778;P23527;P06899;Q6DRA6;Q6DN03	7257.4	3166.7	12902	5437	7948.5	6568.6	2283.2	1579	0	81362
O60831	922.67	1200.1	1096.8	1420.1	2119.9	1056.6	1357.8	1528.4	0	75671
O75083	7673.5	1363	6557.4	6953.9	5995.7	4920.8	5097.4	10696	0	387390
O75131;Q96FN4;Q8IYJ1;Q96A23;O95741;Q86YQ8;Q9HCH3;Q9UBL6	2001.4	2731	2746.2	2397	7501.9	2778.5	3005.3	2828	0	86612
O75340	2690.9	1285.8	2951.6	3261.1	4289.9	3092.2	2158.3	4715.3	0	114820
O75347	497.66	0	393.7	0	630.04	0	618.39	865.72	0	27639
O75348;O95670	581.36	0	970.84	1155.7	833.19	1475.6	988.55	2566	0	73285
O75367	1445.5	348.98	1785.6	1283.2	1631.5	1069.5	1135.3	2804.8	0	66573
O75368	4338.1	906.65	2903.2	2519.4	2482.9	1793.8	2505.1	3469.8	0	138110
O75369	19610	8671.9	24762	18945	27291	20459	20397	35181	282.65	1003800
O75390	6563.5	1805.6	5828.2	6386.8	6903.5	6064.7	8589	28877	593.09	739300
O75396	1717.2	496.6	1336.4	1032.3	1990.2	1277.5	1719.7	3932.1	0	124330
O75400;Q6NWY9	1017.1	470.57	825.61	582.63	1055.2	1309.9	1860.6	2235	0	98110
O75439	1322.1	2031	2386.4	2970.2	3121.5	1515.1	936.85	1655.9	0	42086
O75475	1716.4	1142.3	2279.2	1964.9	3387.1	2785.9	2633.8	5026.3	0	141980
O94905;O75477	1072.7	429.56	900.05	953.59	1510.4	1178.9	1088.9	1872.6	0	54136
O75489	0	0	0	0	0	0	0	0	0	0
O75531	6534.4	735.92	5583.5	5114	6441.5	5085.6	5379.7	13336	455.56	408510
O75533	846.4	647.75	1126.2	866.41	2116.8	1312	1251.5	1827.4	0	49297
O75534	2019.1	1959.2	2491.9	3000.7	3825.6	1678	1824.7	2043	0	80622
O75643	515.58	345.03	914.12	809.55	1079.9	418.13	1019.1	2558.7	0	70470
O75746;Q9UJS0	7701.9	5255.7	9129.3	6285.8	8299.7	7411	6638.5	10486	0	343100
P54855;O75795	0	0	0	0	0	0	0	0	0	0
O75821	2081.7	1165.2	2162.9	1893.4	5397	3093.6	2219.2	4500.7	0	134920
O75822	742.29	285.07	317.8	1155.4	1367.9	932.32	990.13	2648.6	0	105900
O75874	14393	6479.5	15138	10346	14996	10619	11321	12842	0	369990
Q13177;Q13153;O75914	626.28	0	593.5	654.79	1141.7	376.51	689.5	1183.5	0	46410
O75915	0	0	0	0	0	0	0	0	0	0
O75937	5628.9	1499.8	4405.1	4592.1	10958	3353.8	2371.6	4680.8	0	152040
O75947	1656.7	938.37	1592.1	1996.1	2300.8	2162.6	1453.3	1233.1	0	55934
O76003	484.84	0	0	0	0	399.34	0	387.45	0	7583.8
O76094	0	0	0	0	0	0	0	0	0	0
O94826	343.41	0	389.95	952.81	748.55	330.76	631.5	994.14	0	34186
O94925	418.88	334.89	689.87	534.44	803.4	801.88	526.74	673.72	0	27123
O94973;O95782	1413.3	1363.7	2513.3	2149.4	3095.7	1516.7	1987	1206.7	0	75165
O94979	643.78	0	449.14	276.74	853.28	660.84	357.39	775.95	0	20881
O95182	0	0	0	0	0	0	0	0	0	0
O95232	0	0	0	0	0	0	0	0	0	0
O95292	0	0	0	0	0	0	0	0	0	0
O95302	0	0	0	0	0	0	0	0	0	0
O95399	0	0	0	0	0	0	0	0	0	0
O95433	0	0	0	0	0	0	0	0	0	0
O95777	606.72	513.75	627.61	563.17	1174.2	675.58	622.44	709.61	0	19356
O95831	1636.1	1020.4	2180.1	1789.6	3283	2584.4	1802.3	1295.3	0	54460
O95837;P50148;P29992	1094.1	1666	1769.4	1633.6	2859	2400.4	3309.2	1875.3	0	55714
O95881	0	0	0	0	0	0	343.41	779.79	0	28082
O96000	0	0	0	0	0	0	0	0	0	0
P00167	2081.2	2035.6	4024.5	4323.7	3144.8	1137.9	3873.2	7232	0	225990
P00338;P07195;Q6ZMR3;P07864;Q9BYZ2	16110	4333.1	23297	30698	17013	14234	19637	32485	0	1429000
P00367;P49448	3925.3	1182.6	5291	5211.8	5827.1	2477.4	3821.6	9516	0	291380
P00387	1672.8	557.36	1674	1259.1	2073.9	1183.2	3068	6084.8	310.2	137420
P00395	0	0	0	0	0	0	0	0	0	0
P00441	0	0	0	0	0	0	0	0	0	0
P00492	832.63	639.13	1024.5	862.82	1065.2	662.62	1487.2	1256	0	34456
P00505	18849	15052	20388	25053	31415	16079	21792	31197	1162.9	1060200
P00558;P07205	33929	10406	41065	45743	25595	23510	38791	53187	2671.7	2057000
P01116;P01112;P01111	0	0	0	0	0	0	0	0	0	0
P01130	0	0	0	0	0	0	0	0	0	0
P0DOX7;P01834	0	0	0	0	0	0	0	0	0	0
P01876	0	0	0	0	0	0	0	0	0	0
P02452;CON__Q862S4;P02458	26862	16101	17200	20235	22622	17328	23558	38057	0	1240400
P02461	0	0	297.67	585.01	902.4	0	626.85	1287	0	36218
P02462;P29400	652.34	791.81	841.17	642.77	1809.1	554.47	502.24	1328.7	0	23525
P02545;REV__Q5VX52	60660	25669	98545	86375	82047	66100	67755	119390	1926.5	4208800
P02647	0	0	0	0	0	0	0	0	0	0
P02751	32581	14662	26173	27416	65729	26927	61165	151360	3151.5	4901300
P02786	0	0	0	0	0	0	0	0	0	0
P04040	964.5	1835.6	2748.5	3096.6	2847.1	1585.6	1507.8	3551	450.02	69366
P04075;P05062	25648	8921.3	36094	33315	30059	22209	27628	55827	1086.1	1994700
P04083	14325	3664.9	11457	10804	14646	12443	14345	26255	359.77	858250
P04179	857.68	483.29	966.48	916.88	1760.7	942.37	1991.6	2225.1	0	105410
P04181	1806.8	393.71	2021.7	1941.8	3319.7	1550	1798	3519.1	0	105030
P04264;CON__P04264;CON__H-INV:HIT000016045	42279	35855	40381	41123	50666	51705	46168	9216.7	791.57	215310
P04406	44827	8535	33703	37720	38927	27046	14972	22022	914.57	1026000
P04632	1367.6	311.19	479.2	868.25	1069.6	1020.1	843.25	1701.6	0	63522
P04839;Q9Y5S8	1971.1	1334	4954.8	3413.8	3819.4	2752.4	2784.4	4327.6	0	162770
P04843	13486	5271.3	13615	15006	18646	11657	10142	16704	0	532060
P04844	3092.7	3206.6	4085.4	10859	5133.1	3543.7	3471.9	4764.5	0	184060
P04899;P63096;P08754;P09471	9042.4	16676	41742	13313	24886	13308	16771	17128	665.15	515630
P05023;Q13733;P20648;P54707	11457	7694.4	15402	17570	26024	14710	15662	23945	874.15	763890
P05067	449.22	567.03	996.08	964.14	1048.4	1131.5	388.5	502.37	0	5813.7
P05091;O94788;P47895;P30837	16054	36014	12640	35412	17659	10824	14888	34076	1175.6	1024000
P05141;Q9H0C2	46270	10807	45952	50302	36135	32975	48477	95679	1913.5	3926900
P05198	5001.9	2648.6	6002.9	5006.1	8203.1	5092.8	7260.8	13452	0	394110
P05387	4363.3	1142.9	4764.7	3452.8	6211.6	3830.9	4136.6	8765.5	0	235820
P05388;Q8NHW5	20793	6289.9	20741	20111	22254	13028	18922	36380	0	1514100
P05455	4444.4	3077.4	4539.6	5719.6	6514.1	4535	5132.5	7040.9	752.9	269150
P05556	1150.9	2314.2	2772.2	2603.2	5485.2	5121.6	5511.1	4125.5	442.41	140690
P06454	4527.4	1937.1	3953.6	3511.4	10331	8977.9	7505.9	6948.8	0	190270
P06576	27327	12246	28493	26291	36569	30850	36498	69218	531.14	2258700
P06702	0	0	0	0	0	0	0	0	0	0
P06703	7249.1	3189.2	6504.2	6558.2	11851	11926	5718.7	8538.6	737.28	370450
P06730	3765.9	1368.3	4888.1	5002.7	6744.6	4796.7	5034.4	6750	510.05	256330
P06733	27661	13114	51341	55290	43831	35034	42792	70243	1632.6	2885900
P06748	16091	5361.7	14345	12027	17210	10365	20932	41795	2207.9	1812100
P06753	9239.4	6306.9	13934	12061	13955	12884	7459.4	7038	330.25	246920
P06858	1377.7	322.28	2035	2617.3	2301.2	1874.4	1521.4	2655.6	0	104660
P06865	4263.3	1327.4	2848.8	1726.2	3354	1627.3	2771	4856.5	0	165400
P07237	55103	21410	51671	46752	68946	57391	73820	128970	2519.3	4472000
P07305	1194.3	310.31	931.47	352.64	1754.1	2623.2	862.14	1306	0	32834
P07355;A6NMY6	30755	9563.4	34988	34953	42537	34550	27880	55627	675.34	1757200
P07437;Q9BVA1;A6NNZ2;CON__ENSEMBL:ENSBTAP00000025008;Q9H4B7	97724	34282	61892	63158	85195	82332	59440	86847	2239.5	2808600
P07602	2383.1	910.85	1967.8	1472.2	1714.8	1692.6	2508.6	6097.4	0	205260
P07737	3521.4	1355.3	5104.3	4557.2	4939	3221	3273.8	9576.7	260.84	279270
P07741	4245.6	11456	6102.4	6423.8	2948.8	2780.3	2586.1	5519.4	0	173420
P07814	5941.5	2593	5653.4	6090.8	10051	4390.8	5535.8	9695	0	369120
P07900;Q14568;Q58FG0;Q58FG1	36867	13408	54210	34631	41864	27341	17760	36369	578.28	1082400
P07910;P0DMR1;O60812;B7ZW38;B2RXH8	291.15	445.53	1093.2	537.46	1574.3	1175.8	1867.3	4057.5	0	141600
P07954	310.01	1825.4	916.1	1019.2	2368.5	1162.4	1038.9	1054.1	0	30908
P07996;P35442	25266	9122	17888	19740	23276	15193	18410	35347	0	1247200
P08133	17564	3558.8	11410	11068	16303	12753	13378	18042	383.68	675640
P08134;P61586;P62745	4742.6	1511.1	4969.5	4815.4	5137.6	3450.2	3618.6	6847.5	0	249160
P08238;Q58FF7;Q92538	115920	36139	74138	76588	162600	56828	60737	128880	3401.5	4163700
P08559	3575.8	4913.1	7620.3	17771	8635.3	5016.3	5062.4	9031	0	293470
P08574	463.06	611.23	1504.1	950.76	1048.3	470.17	571.42	1416.3	0	32252
P08579	6151.5	2606.8	5172.7	5174.4	7784.7	5212.9	9110.6	17085	420.21	667510
P08621	986.39	618.24	887.85	871.45	2113.2	1384.5	536.84	2187.3	0	86531
P08670;P17661;P14136;P41219;Q16352;P07196;P07197	325960	53275	169090	163160	129320	164140	104520	195020	4740.9	6832400
P08708	5133.8	7170.5	7474.4	6521.4	8325.3	5430.3	6134.3	11217	0	343970
P08758	24302	9815	31593	33734	19639	19151	26556	42069	526.26	1857300
P08865;REV__Q2TAZ0	27736	12658	26095	26841	32475	21136	29423	44906	819.44	1949500
P09104	2347.9	857.1	3374.5	4107.9	2767.8	1687.7	4091.2	7013.8	307.4	190560
P09110	1059.6	1083	2811.1	1383.2	1371.3	844.8	1146	1090.7	0	32889
P09234	1092.5	494.1	836.33	576.86	1799.5	872.24	1452	849.46	0	53880
P09382	7417.5	2847.5	5021.8	6303.7	9604.7	6509	8154.5	15856	1171	525500
P09417	0	0	0	0	0	0	0	0	0	0
P09429;P26583;B2RPK0;P23497	1675.7	6332.8	3186.7	3596	5084.7	3981.7	3128.4	6927	0	170130
P09486	3439.9	2127.3	2706.2	3787.5	5300.2	3170.7	3065.5	6441.1	0	155780
P09493	52759	33896	44992	33261	66234	32315	48273	108450	4019.3	3564200
P09525	3677.2	1136.7	2095.3	2972.4	3218.7	2638.6	2860.8	3868.8	0	175070
P09622	2677.2	1164.2	4458.8	2625.7	4618.7	2571.9	4274.2	10345	0	305780
P09651;Q32P51	17355	10731	18739	14815	28754	19307	15553	38708	268.26	1235400
P09661	2051.3	870.24	2275.4	2609.6	2227.3	1690.2	2244.8	4002.1	0	119990
P09874	0	0	449.63	289.68	0	279.73	958.8	1373.7	0	45913
P09972	874.06	562.67	2236.4	819.03	2329.5	1018.9	391.11	2112.9	0	63802
Q71UI9;P0C0S5	2354.8	915.87	4302.3	2779	5848.3	4058.6	4898.7	9351.1	0	384060
P62987;P62979;P0CG47;P0CG48	11496	2671.4	9071.9	8023.6	11283	8382.4	16288	43398	1196.2	1276500
P0DN76;Q01081;Q8WU68	3532	1614.4	4036.6	3527.8	5401	3565.3	5462.9	9596.8	316.34	303740
P0DP25;P0DP24;P0DP23;P27482	24920	5648.1	22330	29234	27755	28852	19740	30564	1392.2	1091300
P10321;P30462;Q29865;Q29963;P30480;P30499;P30460;P18463;P30508;P30505;P30504;Q29960;P30512;Q07000;P10316;P10314;P01891;P30459;P30453;P16189;P30510;Q9TNN7;P13747;P16188;P30493;Q31610;P01889;P30475;P30486;Q29718;Q29836;P01893;P30492;Q95365;P16190;P30479;P30466;Q29940;P01892	1626.1	1178.1	2743	2979.6	4232.3	3533.6	5455.8	5961	505.35	223430
P10412;P16403;P16402;Q02539;P22492	29132	17455	29783	20070	38994	34110	17492	35395	0	1271500
P10515	0	0	0	0	0	0	0	0	0	0
P10599	3740.5	827.92	3929.1	3826.8	3420	2909.6	2382.3	3622.6	0	141480
P10606	1686.7	344.23	2474.2	2103.3	1754.4	1730.3	1426.5	3531.3	0	128910
P10644	306.83	0	355.22	0	0	0	538.86	438.88	0	29423
P10768	2596.7	474.38	4013.2	4148.5	2369.3	1559.6	1762.1	3673.6	0	134810
P10809	44641	16768	38759	32550	46922	38108	45953	76044	2342	2699100
P11021	41914	16923	39375	36530	41512	29448	48713	94686	1513.6	3005100
P11047	475.85	0	0	0	925.27	898.95	476.64	624.59	0	32863
P11142;P54652;P34931;P0DMV9;P0DMV8	137550	45527	112560	121970	134500	82802	81516	168550	5188.5	5997800
P11166	405.22	677.64	1051.8	2796.1	2882.1	4592.8	805.75	1445.7	0	31976
P11177	3249.7	2168.8	3606.8	4572	4500.9	3742	6040.1	10165	0	327460
P11234	0	0	0	0	0	0	0	0	0	0
P11279	506.03	0	511.98	0	327.43	453.62	1038.1	3378	0	89569
P11310	352.77	442.54	761.19	507.87	1538.8	973.45	1250.4	1588.9	0	53011
P11413	2627.4	1096.5	3975.9	4694.3	3789.3	4366.5	2658.6	7028	0	151410
P60891;P21108;P11908	455.97	592.02	617.33	568.56	620.4	447.38	0	0	0	10082
P11940;Q9H361;Q4VXU2;Q96DU9	22364	10805	20404	27390	31591	22880	25498	42960	692.99	1575600
P12004	15808	5651.6	18935	19552	25821	18925	22430	49666	908.91	1655400
P12081	0	0	0	0	0	0	0	0	0	0
P12235	3900.1	782.94	1959.7	2535.4	3540.6	2481.1	3987.1	9746.6	0	329230
P12236	988.11	425.58	1312.2	1093.7	3463.7	1479.5	1374.5	1835.5	0	37239
P12268	1148.2	1395.5	1980.3	1266.6	1706.9	1900.9	1425.3	1361.6	0	48317
P12270	2127.5	0	1038.6	1022.3	1835	2360.7	1865.1	4019.1	0	106420
P12277	415.55	409.68	946.58	855.01	1337.7	379.5	434.79	0	0	25069
P12429	12348	10788	6371.1	6978.7	9693.7	6598.8	11357	20083	0	708090
P12814;P35609;Q08043	6656.3	1916.4	5876.2	5901.3	7971.4	5652.9	5942.4	10533	364.27	255250
P13637;P50993	0	0	0	0	526.88	377.8	317.96	450.14	0	14459
P13639	66304	17537	44489	49730	52070	29983	38507	79701	320.48	2463000
P13667	6160	5207.1	4554.4	6542.3	6217.8	3488.9	6779.5	16519	0	547230
P13674	4764.9	2650.7	3882.7	4773.3	7197.7	4182.3	6808.6	14019	844.96	484900
P13693	0	0	0	0	0	0	0	0	0	0
P13796;Q14651	21741	20293	50422	58816	39033	29614	35144	33918	1830.9	1131800
P13797	0	0	0	0	0	0	0	0	0	0
P13804	3296.6	1630	4282.6	3905.1	6065.2	3667.5	7103.6	12954	0	489220
Q5VT79;P13928	0	0	0	0	0	0	0	0	0	0
P13929	4114	2378.1	4312	2829.3	3836.6	3642.5	2366.2	4072.9	0	150000
P13995	0	0	366.67	729.7	519.54	603.91	368.88	626.47	0	28316
P14314	898.31	465.79	1251.2	1153.8	2023.4	1173	1881.8	2687.2	0	82730
P14317	874.98	280.45	652	1252.2	592.94	346.43	1028.7	1197.5	0	62366
P14324	325.25	0	671.03	803.68	295.59	0	574.65	2142.6	0	78365
P14618;P30613	44850	50221	90468	107660	106550	73172	85428	89723	958.46	3351200
P14625	63225	19894	53081	64507	72645	37985	53053	97113	1948.4	3545200
P63162;P14678	8244.2	2531.6	8676.1	5951.1	12405	13754	10609	20317	758.91	862650
P14854	4937.8	5836.2	5462.3	5015.7	17860	4800.9	5058.3	3286.7	0	112780
P14866	8310.7	4792.5	10630	8682.2	18636	18242	9815.9	11526	0	314330
P14868	3306.1	1912.9	3987.1	4610.3	5590	4469.2	4270.1	5941.5	0	164120
P14923;P35222	1379.9	441.21	1072.3	901.77	1713.5	809.26	1564.5	2833.6	0	104360
P14927	2328	4866.3	2400.7	6119.3	6706.2	2634.6	2430.2	3427.1	435.51	95063
P15121	549.74	418.48	998.9	1144.4	1028.8	999.39	863.97	1347.5	0	31469
P15153;P63000;P60763	1830.8	479	1901.6	2422.1	3054.3	1219.8	1122.1	2733.4	0	115230
P15170;Q8IYD1	497.5	0	0	304.04	492.27	736.42	0	1030.1	0	25084
P15311	3141.5	6226.7	3416.7	4746.9	11370	3129.4	3662	4464.5	0	124870
P15531	787.65	319.32	442.41	828.85	1098.3	747.41	0	3548.6	0	122250
P15586	542.9	314.24	1845.2	1092.2	1402	754.65	1387.8	2794.3	0	72416
P15880	42828	15074	36535	37638	63988	29474	34958	49852	1089.9	1877700
P15924	0	0	0	0	0	0	0	0	0	0
P15954	1212.7	0	761.19	991.78	1338	646.11	902.64	1872.9	0	73346
P16219	0	0	343.86	0	509.86	295.93	0	569.86	0	12844
P16401	2400.9	0	2289.5	1848.5	2837.4	2210.5	2432.1	3043.9	0	128180
P16435	929.49	665.21	1288.4	1185.3	1959.5	1110.2	1864.9	3610.8	0	78268
P16615;O14983;Q93084	4241.1	5279.1	4162.5	5232.8	7140.6	5386.8	6637.9	8521	0	294860
P16949	2902.3	1644.7	4697.8	3598.9	4480.6	3905.9	4155.2	5593.1	0	225100
P17066;P48741	2499.9	379.73	1770.1	1870.7	3245.7	1292.8	1629.4	4155.8	0	150710
P17096	1280	445.35	2323.6	1872.1	3429.4	1843.7	1611	2902.4	0	92073
P17174	2258.4	453.69	1601.1	1388	2594	1866.4	1611.5	1366.9	0	45985
P17612;P22694;P22612	2715.8	1110.1	2760.8	2964.7	2258.9	1436.8	2964.3	3965.5	0	109890
P17655	0	567.87	517.1	877.8	3235.3	518.39	395.17	1389.3	0	34070
P17812	0	0	885.45	894.26	1315.4	849.62	602.55	746.68	0	34199
P17844	31184	18835	28683	36093	51024	30470	33653	67669	2316.9	2066500
P17858;P08237	7482.4	3763	8149.4	6972.9	11783	6005.2	4759.1	5938.6	0	154010
P17931	10831	5670.8	19642	22217	15452	14110	10557	13189	273.83	425710
P17980	1007.6	758.75	616.54	1012.1	447.88	466.68	344.43	308.31	0	26535
P17987	3640.1	1207.4	5497.1	4728.3	5896.5	3765.6	5301.7	11733	283.66	330410
P18077	4781.6	1075.3	2865.3	4034.4	4227.5	3379.3	4430	12547	0	470910
P18085	1242.6	3136.1	2370.6	888.77	1942.3	1170	1518.1	1643.1	0	88067
P18124;Q9Y4A5	16378	13925	15722	22437	21000	11823	12542	27090	311.76	896220
P18206	10237	4668	8149.9	8937.4	15180	8950.6	9559.6	15729	0	484610
P18564	0	0	0	0	0	0	0	0	0	0
P18621	8612.8	3177.4	8435.5	9005.9	13635	7478.9	9194.6	16584	0	509210
P18669;P15259;Q8N0Y7	5281.1	2002	8096.7	7786.9	6848.8	6500.6	6489.5	16519	0	539910
P18754	569.28	363.17	784.99	404.4	1062.8	721.84	802.69	869.42	0	31108
P19022	0	0	0	0	0	0	0	0	0	0
P19338	21165	6563.7	24409	13815	28475	16794	24652	45624	0	1524500
P19367	644.92	0	442.16	581.98	630.57	629.92	857.06	2028.9	0	59700
P19404	1633.6	843.72	2220.5	2219.3	2768.7	1638.4	1627.6	4049.5	0	105530
P19623	3179.5	1081.3	3368.1	3746.1	4084.2	3025.9	2831.5	2860.8	0	101440
P19878	1191.2	0	1409.8	923.63	2325.1	1133.8	1316.3	4329.1	0	115490
P20042	1983.9	587.14	2339.1	2492.2	2819.9	3021.2	3763.2	4922	0	150590
P20073	941.9	333.93	1460	1234.2	1878.7	1322.5	473.82	346.07	0	22721
P20290	2398.6	1942.5	3420	2017.3	5235.4	4068.6	8265.9	3290.2	0	116360
Q9NRW1;P20340;Q14964	1422.3	1237.4	1768.8	1392	4001.7	1729	2577.7	3907.2	0	105210
P20618	996.68	465.79	1575.6	1083.4	3879.6	2989.2	2503.6	1774	0	40009
P20674	1983.3	1580.1	1487.9	1232.8	2101.4	960.46	1316	2831.4	0	86314
P20700;Q03252	12193	11442	28128	16549	28320	11822	14368	23864	811.59	785230
P20962	1742.4	252.85	1029.5	2063.2	2183.5	1936.8	816.83	1777.4	0	68005
Q9UQ88;P21127	0	0	0	0	0	0	0	0	0	0
P21281;P15313	1673.5	1788.5	2595.1	2815.7	3208.5	3319.5	2644.8	2657.6	0	87166
P21283	659.54	457.7	880.71	688.12	977.06	903.93	591.39	1080	0	31046
P21291	889.72	455.97	940.84	1016.6	1893.2	1044.9	1094.9	4689.3	0	116340
P21333	108320	71217	109220	99176	134310	110410	119910	149060	4585.6	4540100
P21397	934.61	0	500.8	644.56	738.81	720.44	659.21	2068.6	0	50853
P21796	23641	13374	21704	23841	29619	23258	31244	45642	0	1593300
P21912	577.98	0	974.5	662.95	1021	594.02	1508.5	1483.4	312.2	79468
P22087	5152.9	2964.5	7028.7	6977.9	8303.7	4512.6	5719.5	8856.6	0	300010
P22102	785.21	1474.6	3437.2	913.63	1922.2	763.38	455.33	905.54	0	21492
P22234	2067.1	1134.5	2944.5	1801.9	2767.6	2260.1	1124.1	1063.9	0	36986
P22307	3538.9	1884.7	3780.2	3724.9	4597.6	3296.9	5354.2	10825	0	385180
P22314	10895	7002.6	11010	9395.9	15346	8075.2	11118	18910	422.82	552340
P22392;O60361	46844	10557	42129	31643	45863	34965	22108	30886	720.64	929170
P22626	37431	20394	34697	29823	43706	38002	36307	66224	1389.5	2258700
P22695	1472.6	295.4	1379.2	1739.6	2563.3	1528.7	1397.6	3699.3	0	110140
P23193	1760.6	710.76	750.76	625.96	747.68	745.1	599.71	1647.2	0	44688
P23246	11797	6961	13672	13985	20037	12360	17420	24626	1130.1	919690
P23284	9327.5	5222.7	8872.1	7615.3	11759	8771.8	10889	14535	987.04	497190
P23396	37740	13196	31086	33775	37501	28818	31304	56748	266.7	2059600
P23526	5572.5	2109.5	5728.7	7953.3	10101	6801.4	7015.8	10278	0	363130
P23528	45790	10020	27485	29689	28761	22761	27990	41891	381.23	1271600
P23588	0	259.37	0	0	0	0	822.16	726	0	36001
P23921	0	0	0	0	0	0	0	0	0	0
P24534	19704	4862.8	12438	9338.7	14560	9646.4	10433	26805	390.56	791050
P24752	4974.2	2967.3	8142.2	7649.8	10016	8383.9	8734.7	14544	769.63	515240
P25205	337.16	575.96	1430.5	523.46	2141.7	933.35	697.83	1973.3	0	63897
P25398	14856	5499.3	15399	13736	17614	15554	29482	47452	1914.3	1689100
P25705;REV__O00522;REV__Q9Y5A7	24797	11658	27605	27489	33870	25014	41310	70086	2517	2770400
P25786	5146.6	2897.2	8146.1	7564.8	7015.1	5479.5	5929.8	9955.4	0	404810
P25787	0	211.69	0	0	0	0	0	170.75	0	4616.5
P25788	3651.7	3182.4	3893.4	3544.3	4365.4	4147.7	5552.3	6717.8	0	242480
P25789	1719.9	389.62	1608.3	1928.5	2288.4	1757.9	2055	3018.9	0	101770
P26038	37791	8485.8	25496	28660	26916	24060	25725	51615	709.82	1811100
P26196	0	0	0	0	0	0	0	0	0	0
P26368	5040.1	3008.2	5717.1	5664	7134.6	5070.9	7040.2	10781	0	270420
P26373	22506	4026.9	18019	18356	20127	12655	15024	31476	533.84	1181200
P26447	16646	3860.1	36890	45831	12130	10268	20310	44848	1785.8	1655200
P26599;O95758	5058	2047.2	4604.3	4421.7	7364.3	4643	4492.6	3929.8	0	111990
P26639	1242.4	0	571.01	708.55	1127.5	303.43	738.84	1426.6	0	34237
P26640	507.3	428.63	782.57	314.16	1430.2	585.19	395.75	510.56	0	22098
P26641	39236	9518.5	21573	20920	29277	21312	26602	48955	1529.1	1706400
P26885	855.69	825.04	3712.4	1401.2	1039.2	829.26	1220	1726.7	0	37368
P27105	0	0	0	0	0	0	0	0	0	0
P27338	1807.8	0	273.37	517.96	778.51	741.55	817.99	3170	0	113940
P27348	3665.3	544.81	4043	2795.7	3760.3	2365.6	2184.9	5827.5	0	194150
P27635;Q96L21	7701.7	4593.8	15967	10161	10528	19064	9107.3	20674	495.16	653550
P27695	731.73	392.83	373.82	0	1143.5	412.15	434.78	1157.6	0	46745
P27708	376.14	336.16	587.08	640.56	988.37	734.16	710.55	1097.3	0	41171
P27797	17252	3719.5	16111	14153	16162	8558.3	17365	36274	1103.4	1469500
P27816	0	0	0	0	0	0	0	0	0	0
P27824	49730	7648.1	46820	36050	49167	43495	22781	34523	1515.3	859930
P28066	3197.8	1430.4	4511	2843.6	4330	3931.9	4469.1	8720.4	0	294180
P28070	0	0	0	0	0	0	0	0	0	0
P28072	2206.2	871.72	1697.6	1620.2	1394.8	1280.4	970.49	1842.5	0	86554
P28074	3059.5	1716.8	3009.4	3941.1	13172	3418.9	2761.5	3735.3	0	114030
P28300	380.84	335.42	279.67	361.11	625.68	0	548.45	413.39	0	15422
P28331	877.81	0	511.99	756.66	1469.5	907.85	1526.4	2200.7	0	60458
P28482	523.38	370.57	666.32	490.74	1218	637.44	0	1533.4	0	25010
P28799	0	319.91	337.36	0	0	0	0	0	0	7529.4
P28838	1546.1	523.99	1885.4	2012.1	3081.2	1711.4	2178	2999.6	0	111150
P29350	1624.3	0	2333.7	2079.6	1099.8	639.65	1289.8	1895.9	0	88121
P29401	10669	5558.1	17379	20048	14828	10896	15926	28234	380.97	918000
P29692	12576	16769	15221	30317	23866	17329	19887	32319	297.16	933020
P29966	1074.1	459.85	960.71	889.86	1189.3	390.64	533.37	1102.2	0	38933
P30040	2362.9	1705.8	3422	3061.9	6827.4	5237.1	6390.4	4001.5	0	168390
P30041	1424.3	851.91	1670.2	946.8	2038.1	1742.6	1441.4	2077	0	75644
P30044	6014	2323.8	4039.8	4973	5898.8	3536	6701	10908	0	458970
P30048	2508.2	421.53	2884.5	4735.6	3461	2757.1	1819.8	2486.7	0	120040
P30049	2079.8	0	872.73	1469.1	2043.8	1661.8	2521	5518.6	0	213310
P30050	22827	12283	20893	24286	19112	14027	13999	21015	356.78	690810
P30084	0	0	0	0	0	0	0	0	0	0
P30085	0	0	0	0	0	0	0	700.86	0	20931
P30086	0	0	0	0	0	0	0	0	0	0
P30101	36216	19942	35973	36556	36511	33508	43023	67249	2063.2	2404900
P30153;P30154	2622.4	1711.1	3717.6	4006.2	5066.3	2333.1	2537.8	5698.5	0	171640
P30419	916.25	0	1236.5	410.02	1477.6	1043.6	1035.7	2848.1	0	66793
P30519	803.5	0	474.06	862.91	945.9	549.81	707.94	1297.4	0	49172
P30520	0	0	0	0	0	0	0	0	0	0
P30626	329.7	0	0	0	0	0	704.74	556.52	0	24922
P31040	4639	2087.8	6463.9	5154.3	7621.3	4832.5	5964.9	12301	0	385170
P31146	3253.4	8238	6805.6	18067	7090.8	4228.4	4084.2	8524.6	309.17	238980
P31153	0	0	555.77	463.76	335.41	352.91	0	390.13	0	15529
P31930	1448.2	386.71	1435.1	1113.6	2238.5	1608.4	816.43	1989.8	0	96329
P31939	0	0	0	0	0	0	0	0	0	0
P31943	7681.8	3246.7	7439.6	8094.2	11325	7579.4	7852.6	14855	0	409210
P31944	0	0	0	0	0	0	0	0	0	0
P31946	3344.3	776.02	2567.4	2915.3	3405.9	1526	2283.2	3564.9	0	132520
P31947	1112.3	920.73	1741.9	1590.6	2139.4	1590.5	1247.4	3789.1	0	102370
P31948	13815	4993.9	11172	10879	18261	14335	14028	18378	0	638370
P31949	5310.3	1108.4	4440.2	5852.7	3136.9	3337.9	4171.4	8743.4	0	340350
P32004	0	0	0	0	0	0	0	0	0	0
P32322	801.66	0	0	663.43	695.55	532.72	634.39	978.85	0	41043
P32969	0	0	0	0	0	0	0	0	0	0
P33991	2184.5	1262.5	2653	2145.9	3963.8	2452.1	2669.3	2304.3	0	66699
P33992	720.63	0	1026.5	699.19	1381.1	619.5	1036.1	874.78	0	37819
P33993	393.53	279.14	381.57	269.95	898.9	505.11	340.77	581.36	0	21167
P34897	16417	6296.1	20801	13142	17787	10853	16778	28329	384.88	1005100
P34932	7889.5	1935	7922.5	7190.2	8193.1	6242	7382.5	10542	0	317610
P35221;P26232	363.35	0	373.68	440.16	619.58	481.62	0	682.87	0	11736
P35232	8816.8	4526.3	9533.1	9465.6	21920	17102	11263	22371	710.06	698440
P35241	1201.4	595.57	926.5	1482.2	1191.4	732	352.34	1870.3	0	36135
P35250	0	0	0	0	0	0	0	0	0	0
P35268	2582.2	1203.4	3836	3595.5	6162.2	3947.6	3112.4	6663.6	0	187430
P35527;CON__P35527;CON__Q99456;Q99456	13352	17058	18797	15359	22402	20600	22543	447.45	0	27393
P35579	129490	31627	66414	62191	123460	91243	79892	145920	3411.7	5156800
P35580	1435.3	1062.7	1887.7	948.01	3469.2	3032.9	2137.2	2923.2	0	98952
P35606	2587.1	2589.7	4097.3	4008.1	5428.6	2937.7	3408.2	5538.7	302.65	154260
P35637;Q92804	3835.6	653.11	2145.1	2715	4291.1	2716.7	4273.8	12153	0	460280
P35659	0	0	0	0	0	0	0	0	0	0
P35749	3924.2	1060.4	2120.4	1964.5	3454.5	2362.9	2416.2	5164.8	0	130110
P35998	630.04	383.8	1258.1	1404.5	1695.2	1561.4	650.97	1228.5	0	49148
P36542	764.9	699.78	1059.5	1036.6	1934	1059.6	845.93	1242.2	0	35085
P36543;Q96A05	3267.9	1297.9	3027.9	3071.6	5475.7	2854.3	2212.3	1854.6	375.89	45388
P36551	0	0	0	0	0	0	0	0	0	0
P36578	21011	7577.2	29628	19517	21105	14730	25007	50066	1045.3	1618600
P36776	7829.6	3623.4	5787.6	7122.5	4940.7	3015.1	4156.1	5141.8	0	183910
P36873;P62140	517.55	520.18	580.19	698.12	1271.1	944.34	842.63	960.3	0	31217
P36957	1032.7	631.23	1185.7	864.86	1742.6	650.09	1974.6	3962.1	0	114260
P37198	0	0	0	0	0	0	0	0	0	0
P37802	9234.6	2999.3	6891	6757	9258.9	5086.1	5304.9	10248	324.47	310580
P37837	6823.2	3502	9218	10133	7780.3	5065	6316.6	11721	334.08	286080
P38117	4559.9	1732.2	3647.1	3071	5416.2	3652.2	5133.8	9125.3	340.36	327830
P38159;Q96E39;O75526;Q8N7X1	13122	5848.4	12807	12554	16782	12347	10999	21393	382.05	603990
P38606	5294.5	2561.2	6950	6805.3	10141	20908	5983.9	10785	0	406930
P38646	29960	16082	37401	35118	45005	29951	41454	74142	1289.8	2257100
P38919	2442.5	4023.9	2986.1	5349.8	3612.2	2417.9	3596.4	10066	0	281170
P39019	15874	8489.8	16193	20328	15839	11155	15356	22941	910.85	996150
P39023;Q92901	17847	6466.2	16154	16632	20844	13455	17264	28078	667.79	1082200
P39656	7268.6	8974.3	9781.6	10586	10640	7014.8	9758	16404	305.79	551040
P39687;REV__Q9Y2X3;O95626;O43423	1021.3	666.14	2413.6	2265.9	3615.6	1711.5	1593.8	3770.4	0	135020
P40121	0	0	0	0	0	0	0	0	0	0
P40227;Q92526	10056	2685.9	10705	11240	11439	8737	10237	17107	331.14	619380
P40394	0	0	0	0	0	0	0	0	0	0
P40429;Q6NVV1	19400	7890.9	16596	16823	24942	22289	13192	28861	369.1	1005900
P40616	0	0	0	0	0	0	0	0	0	0
P40925	2499.4	1107.4	2380.2	2350	3238.6	2612.8	2664	4204.4	0	132750
P40926	26714	16402	28095	31227	42258	33742	35399	69268	1368	2311800
P40939	3043.4	307.22	2449	2557	5080.2	2831.7	3794.8	6097.6	0	249140
P41091;Q2VIR3	2173	1213.7	2440.7	3258.3	3722.5	2000.3	3589.8	7600.3	0	268520
P41250	3086.3	1160.2	1902.3	1758.3	2891.6	1604.5	2076.7	4554.4	0	136510
P42167;P42166	775.99	747.31	1000.3	932.27	2329	1561.6	1198.5	3597.2	0	104640
P42224	1566.1	434.78	1550.9	1741.4	1123.1	1013.8	1026.5	1996.9	0	64097
P42677	920.14	1759.4	856.98	1441.8	2519.7	1000.8	549.55	2492	0	60457
P42765	0	0	0	0	0	0	0	0	0	0
P42766	12415	2977	9778.8	8805.7	11318	8000.8	7625.5	17848	721.33	512620
P43243	1900.8	0	2181.8	2412.5	3643.5	2350.7	3079	3937.5	0	139040
P43304	0	0	0	0	0	0	0	0	0	0
P43307	5163.9	2778.7	5620.1	5185.7	8338.6	4405.9	7151.3	11383	0	413460
P43487	6380	1957.5	6180.4	5673.6	7338.4	6807.8	5258.3	7444.2	291.17	262760
P43686	5827	2652.6	8263.5	3758.1	12549	3960.6	4866.7	4237.6	0	173270
P43897	336.46	514.76	776	943.77	438.06	516.3	643.08	1666	0	43900
P45877	1112.7	1223.3	2105.4	1691.7	2593.8	3756.9	1448.9	2569.5	429.15	46767
P45880	12659	7436.6	17887	16767	17138	14875	23301	38065	1020.3	1326600
P45973	1395.1	767.55	1371.5	1593.9	4202.6	2292.6	1463.2	3844.6	0	134100
P45974	1797	318.98	2390.9	3535.8	3245.9	2510	1872.3	4251.2	0	121480
P46013	0	0	0	0	0	0	0	0	0	0
P46060	0	0	0	0	0	0	0	0	0	0
P46459	985.58	722.11	1480.6	1014.1	1089.7	1124.1	1541.7	2610.6	0	81189
P46776	5251.9	2019.1	4534.3	4394.1	5629.7	2881.4	3854.8	11772	586.66	318470
P46777	15044	7730.7	16701	16695	18497	12131	12415	26818	0	865660
P46778	1961.8	401.86	1129.8	1400.7	3012.6	1984.2	3760.6	18651	631.66	417750
P46779	8948.4	23745	8234.1	16868	25439	5910.3	6200.8	11935	0	431150
P46781	23910	8466.5	19921	21127	24498	17503	18023	34672	1250	1155800
P46782	24701	20078	30131	29158	44000	46884	18613	23483	1370.4	679920
P46783;Q9NQ39	11859	3641.9	11290	13081	12268	12807	5630.9	7194.1	0	197130
P46940	9613.9	5433.9	12891	13312	12652	10186	9457.5	16357	0	485660
P46977	8594.6	3940	8518	7996.5	18780	8485	11996	18422	0	611820
P47755	5177.6	2940	6323.2	6323.2	5946	5912.1	5653.8	8962.4	339.84	269780
P47756	4221.6	1707.4	3715.6	4314.3	4335.2	3531.3	4846.2	10266	0	330170
P48047	390.18	338.36	858.21	594	1299.3	601.06	1083.3	2388.1	0	60110
P48147	2218.9	819.26	2322.9	2303.1	2784	2828.4	1482.6	1669.4	0	58129
P48444	1994.6	668.4	2299.8	1352.3	2541.6	2279.2	1691.3	2342.4	0	77485
P48643	4719	2747.5	5081.7	5127.1	6069.9	4310.8	5653	7677.2	0	256910
P48735	6949.6	11609	9241.3	46695	47694	11564	11618	20358	0	725670
P49006	801.57	839.31	1531	1606.8	2460	1391.6	723.23	0	0	9754.1
P49189	0	0	0	0	0	0	0	0	0	0
P49207	5859.2	2437.7	6197.5	5521.8	9134.3	5099.8	6178.2	9611.7	0	413680
P49257	0	0	0	0	0	0	0	0	0	0
P49321	649.85	607.85	583.43	550.72	1711.4	1285.6	538.76	2092.7	0	62810
P49368	15059	7792.6	16037	18718	20900	14758	14426	29178	0	899770
P49411	3281.8	1333.9	3141.7	3533.7	4365.3	2719.8	3163.4	6850.8	0	296880
P49588	1312.2	444.73	613.62	1279	2393.8	1638	2411.5	3411.3	0	110010
P49591	6856.5	7868	6919.9	9861.7	10325	7100.4	7944.9	13580	0	408030
P49720	3574.7	1863.3	4740.8	5098.5	5001.1	3782.1	4657.1	4624.6	0	153090
P49721	3319.4	1132.2	2878.2	2465.4	2245.5	1903.3	2211.5	2147.1	0	80743
P49736	6115.8	4840.3	7519.6	8602.3	14290	7911.3	8290.9	11686	445.86	408890
Q86TX2;P49753	721.56	349.55	528.74	883.68	458.84	366.42	713.63	1837	0	66474
P49756	0	0	0	0	0	310.79	0	0	0	4655.2
P49773	851.34	339.27	1171.2	1040.9	1862.3	2234.2	1788.9	1974.3	0	59430
P49821	0	0	0	0	0	0	0	0	0	0
P49915	0	0	0	283.26	509.54	374.51	389.88	555.01	0	32755
P50213	3064.6	1437.6	2552.3	3376.3	5384.3	4002.3	5203.6	7329.9	0	248360
P50238	1236.8	457.85	1170.6	1988.4	1181.2	754.97	1627.1	3147.3	0	106660
P50395;P31150	9366.7	5362	11494	9971.9	13587	10709	11286	13127	362.18	493270
P50440	1051.8	2232.2	2368.4	6620.4	3482.7	2076	1273.6	2520.2	0	73458
P50454	8533.1	2071.3	3889.6	4213.5	9401.1	8005.3	11538	31885	740.93	927920
Q8IZP2;P50502;Q8NFI4	5759.4	1374.8	3623.8	3915.8	7672.9	4674.2	4744.7	11708	0	392490
P50552	2315.4	2101.7	3958.9	2838.1	4662.3	3402.3	3550.4	2646.7	0	69262
P50914	2400.4	0	2091.3	1750.4	1733.7	1304.5	1069.2	898.66	0	43169
P50990	18698	9432.6	17603	24568	17353	17348	20970	21328	1334	684770
P50991	11480	4824.2	10708	9926.5	14265	7258.6	9000.5	16533	0	583330
P51114;Q06787;P51116	0	0	0	0	0	0	0	0	0	0
P51148;P61020;P20339	671.93	310.89	657.77	836.93	1080.7	956.1	1130	1540.2	0	46203
P51149	7716.4	1858.5	7322.5	7555.8	9031.5	5669.1	9907.1	15056	0	431640
P51571	4302.7	3656.7	5377.3	5223.3	5608.6	4528.6	3599.9	4347.3	0	148920
P51572	0	0	0	0	0	0	0	0	0	0
P51610	0	0	0	0	0	0	0	0	0	0
P51659	638.89	374.12	1364.5	1129.9	927.98	1020.3	501.46	2723.8	0	32816
P51665	2083.9	748.46	2605	1916.9	2514	1715.2	1474.9	2653.9	0	129300
P51858	5025.3	5818.5	6937.5	6964.8	11969	5266	6647.6	9227.5	0	323750
P51991	7291.7	3363	8187.9	8247.5	13007	7544.9	7728.4	24548	0	640150
P52209	3017	2025.8	10078	12661	9229.1	4082	6380.3	8679.5	383.81	370290
P52272	11564	7109.2	11350	10467	16243	10523	15163	28845	768.38	886680
P52434	0	0	0	0	0	0	0	0	0	0
P52565	26119	11491	35430	26166	105190	23738	12394	19732	1157.2	541450
P52566	4202.9	3798.5	11223	6361.6	12922	6279.6	4723.9	5796	0	181240
P52597	23354	3111.7	9171.1	6576.2	8038.8	4713.4	7814.9	16061	332.16	570950
P52789	0	0	0	0	0	0	0	0	0	0
P52907	1348.1	875.5	1256.4	1802.2	1581.6	948.48	2959.8	1390.9	323.34	40484
P52926	0	0	0	0	0	0	0	0	0	0
P53367	0	0	732.56	760.75	879.53	0	1157.1	1608.6	0	65186
P53597	786.77	267.46	971.37	1144.1	2062.7	1054.8	1253.7	3107.2	0	69827
P53618	336.09	382.61	598	704.73	767.47	1146.3	1214.1	618.42	0	18669
P53621	3601.7	2465	4461.7	4859	6502.4	3600.6	4700.3	7081.2	0	211410
P53680	0	0	0	0	0	0	0	0	0	0
P53999	1237.5	634.83	886.3	823.07	1015.6	908.65	608.43	1257.9	0	49004
P54136	5973	2583.3	7010.8	5735.7	7449.4	5338.8	6305.3	10623	262.21	338730
P54577	1294	778.2	553.66	1314.7	1816.3	1375.4	1769	2242.9	0	84557
P54578	0	0	0	0	0	0	0	0	0	0
P54727;P54725	3217.5	689.22	4035.8	3851.6	4895.8	3268.7	3542.2	9005.4	0	294390
P54819	575.33	0	385.01	0	959.49	469.4	596.35	1408.7	0	58157
P54886	8405.4	8211.8	12032	10915	16658	12009	11130	16191	414.36	507060
P54920	0	0	0	0	0	0	0	0	0	0
P55036	0	0	0	423.14	881.76	0	387.52	1671.6	0	46650
P55060	2573.4	13782	4273.1	4756.9	4132.1	2932.2	1782.6	2706.7	0	123340
P55061	1841.4	1220.4	2160.6	1534.9	2555.4	1578.1	1412.6	3755.3	0	110180
P55072	19495	8715.2	20779	18287	35680	16710	21224	37735	558.28	1260700
P55084	960.08	1152.1	1978.1	3652	3793.1	1258.2	1376.9	1538.8	0	41495
P55145	1227.8	264.43	1544.4	1483.2	3042.8	1540.5	2670.4	5748.1	0	225350
P55209;Q99733	6548.4	2104.4	6458.6	5783	5689.3	3360.9	4990.8	8063.4	0	192640
P55327	0	0	616.91	402.74	949.3	335.51	412.54	0	0	15928
P55735	292.56	0	392.29	458.65	658.82	305.99	760.65	1152.2	0	54848
P55769	3446.5	3153.9	3349	3062.9	6828.2	3102	3556.3	9311.4	0	246430
P55795	0	0	0	0	0	0	0	0	0	0
P55809	2358.9	0	1920.8	2413.2	1794	1471.1	2386.7	4395.3	364.65	171270
P55884	3649.9	0	1982	3127.8	3631.8	2771.4	5024.8	8618.8	0	252650
P56192	583.14	0	786.12	459.84	1011.5	780.38	453.92	645.12	0	22700
P56211	0	0	0	0	0	0	0	0	0	0
Q5VTU8;P56381	1746.9	647.57	1604.5	1388.6	1393.6	1127.2	1275.6	2437.7	0	92299
P56537	0	0	0	0	0	0	0	0	0	0
P56556	0	0	0	0	0	0	0	0	0	0
P59998	5197.5	6466.2	4998.1	6022.4	10867	3749.8	6172.5	9215.7	539.47	256170
P60174	18300	7537.5	23905	17610	19455	15039	17067	42013	363.76	1379800
P60228	4901.1	1526.8	4114.8	3761.7	4000.3	3473.4	3602.7	7751.3	0	276820
P60468	599.63	380.65	414.41	328.19	0	271.63	734.49	2269.2	0	70669
P60510	0	0	0	0	0	0	0	0	0	0
P60660;P14649	12530	2831.2	7411.4	6958.4	12145	7420.3	7948.3	14175	527.76	507430
P60709;Q6S8J3;Q562R1;A5A3E0;P0CG38;P0CG39;Q9BYX7	236930	31816	130680	167790	172740	105640	130840	268310	3129.1	11379000
P60842	23314	8553	19291	21615	25279	18176	21983	32665	451.33	1171600
P60866	3718	597.26	3041.7	2761.2	3762.8	2418.4	3215.2	7258.3	0	185440
P60900	4152.3	1697.2	4875.5	4651.7	5685.9	4611.2	4672.2	9296	0	316520
P60903	2620.7	2528.4	2411.7	3727	6060.4	3138.6	11025	7435.6	0	364760
P60953;P17081;Q9H4E5	6429.3	2497.8	7033.3	7476.7	8789.8	6267.4	6597.7	13934	0	393860
P60981	2000.3	559.28	1356.8	5896.3	3153.4	2988.4	2595.7	4182.9	303.48	104550
P61009	0	0	0	0	0	0	0	0	0	0
P61011	0	0	0	0	0	0	0	0	0	0
P61019;Q8WUD1	4258.8	2101.2	4095	4703.3	5259.9	3476	4209	7196.1	0	167130
P61026	914.92	507.98	1388.5	424.08	1588.3	1001.3	675.87	779.84	0	18840
P61081	952.03	0	729.29	833.18	922.17	446.13	437.03	1416.7	0	55504
P61086	330.32	0	0	0	0	0	0	684.17	0	16135
P61088;Q5JXB2	2275.4	496.05	1507.6	1505	1790.7	1093.4	1807.8	2688.2	0	93523
P61106	7429	4586.5	7622.8	9777.3	9983.9	9829.3	9807.7	14031	274.87	335790
P61158;Q9P1U1	2769.1	472.03	3097.1	2327.9	3505.2	2709	3223.8	4465	0	174860
P61160	0	0	0	0	0	0	0	0	0	0
P61163;P42025	1529	931.36	1528.7	1406.9	1134.4	1783.9	2237	2602.5	0	78594
P61201	0	0	0	0	0	0	0	0	0	0
P61204;P84077;P84085	4468.2	1676	4810.1	5277.6	7213.9	3985.8	4308.8	8477.9	0	197660
P61221	860.54	0	1026.8	614.68	906.38	771.75	647.91	583.85	0	23401
P61224;P62834;A6NIZ1	3966.8	1562.9	5215.7	4513.9	6511.8	4696.9	5093.9	10151	0	321390
P61247	13362	5604.4	15344	14047	16717	13756	17846	24435	685.61	944440
P61254;Q9UNX3;Q2PPJ7	10566	40543	19802	10992	24620	6610.9	9570.4	9898	0	389510
P61289	906.93	854.43	1981.2	1583.8	3808.4	926.91	1278	851.77	0	39290
P61313	23388	6406.4	23004	19645	24966	18274	13040	23683	355.26	769960
P61326;Q96A72	960.32	0	521.63	603.56	1317.9	884.29	1251	3129.5	0	98649
P61353	9029.3	4890.2	8827.2	9278.5	12875	8438.9	9781.1	23375	748.95	683930
P61421	996.02	1512.2	1399.6	2255.5	3480.8	1280.2	1647.7	3455.6	0	90634
P61513;A6NKH3;P17405	26381	13716	26446	53841	38891	26445	26795	31125	1986.4	1337000
P61604	10834	2252.9	6007.9	5163.7	8097.2	6788.6	7360.5	12886	691.92	614260
P61619;Q9H9S3	5103.5	1686.5	3642.7	5952.9	6075.9	4789.7	5826.6	9712.3	648.58	335870
P61626	534.44	843.88	3131.1	2217.8	2363.2	2190.7	1452.7	2005.6	0	64150
P61803	1549	991.11	2390.9	1426.7	1836.3	1538.8	1855.8	1888.7	0	71852
P61916	540.97	486.73	647.04	305.05	818.24	1788.3	1607.8	2527.5	0	93928
P61956;Q6EEV6;P55854	1849	835.73	2355	1826.5	3385.2	1918.6	1806	6269.7	320.77	170600
P61978	23911	10257	22299	23751	27582	20050	22930	41284	895.27	1375300
P61981	11014	3455.8	12717	12165	13665	9796.8	7200.6	10824	0	325740
P62081	7745.4	3248	6644.2	6153.9	9166.8	6254.4	4776.3	8750.3	0	230610
P62136	14449	6848.2	13810	14123	18684	13799	13263	19677	704.1	599860
P62191	0	0	0	0	0	0	0	0	0	0
P62195;Q8NB90	2765.7	304.92	2137.8	2745.5	2737.4	1508.9	1872.4	1416.9	0	95581
P62241	11160	1957.2	12299	12344	12663	10527	14067	32433	1099.5	1004200
P62244	1432.6	808.49	1762.1	2961.3	1859	964.38	1564.2	800.37	0	20404
P62249	9841.4	2123.1	10301	11274	11134	7170.2	8165.6	13210	0	503550
P62258	36503	8888.9	26076	26427	39259	32840	31648	67860	368.88	2303600
P62263	777.54	0	784.42	752.47	716.29	514.52	741.82	1471.9	0	39722
P62266	12269	4661.1	26029	12106	15669	9273.8	8292.3	17149	335.81	504750
P62269	25994	16412	22779	19781	27469	16439	19184	36690	1293.9	1388600
P62273	1274.5	1654.9	2507.8	2630.6	5051.6	4256.5	2282.7	1047.4	0	34240
P62277	13900	8127.1	18196	13473	17152	13468	13703	17459	845.45	696460
P62280	31669	7726.4	24355	23305	25922	18303	18912	38034	0	1401400
P62304	407.4	550.94	460.93	435.2	1777.7	751.41	652.97	598.75	0	29177
P62314	406.66	308.14	572.5	842.86	540.64	652.57	646.32	1362.8	0	45264
P62316	3893.8	882.96	3280.2	2668.7	3285.3	3101.2	5080.8	5515.1	0	211450
P62318	1565.5	481.36	1614.3	1769.2	1780.7	1189.1	2292.5	3957.8	0	156910
P62328	5354.8	969.2	4135.9	1106.3	1214.2	454.48	1249.2	1513.3	0	85208
P62333	2666.1	2567.7	4201.4	3234.2	4523.3	2041.1	2365.9	4495.5	0	118070
P62424	15161	5182.8	13765	14875	16220	14467	17166	26631	380.36	895950
P62495	734.82	0	773.03	1196.8	795.02	878.6	496.92	1846.9	0	43905
P62633	1442.7	661.25	2067.9	1763.4	2268.8	1616	1386.4	5292.7	0	183840
P62701;P22090;Q8TD47	9326	1985.2	9502.9	8019.1	9513.6	6877.3	9838.8	18264	0	806490
P67775;P62714	0	0	0	0	0	0	0	0	0	0
P62736;P63267	2111.8	2649.5	4479.4	2020.4	4138.8	1145	1172.8	958.64	0	30756
P62750	8887.9	2660.1	7134.6	7543.3	9073.9	5199.8	7422	27655	758.51	646380
P62753	16293	5248.1	14466	14020	15960	10168	9993	19161	0	528600
P62805	60866	13697	66787	47865	80427	72445	29062	44986	756.11	1572000
P62820;Q9H0U4;Q92928;Q92930;P61006;P51153;P59190	16617	7638.7	13577	12053	26559	11335	14802	21774	357.76	714590
P62826	16914	10835	20040	18298	99556	17001	15845	36689	390.55	1133800
P62829	6418.2	773.7	6138.3	6341.7	5602.9	4061.6	6508.2	9831.8	1054	353810
P62841	4996.3	3235	5744.3	5907	9374.6	3626.6	1683	4980.5	0	159460
P62847	7183.6	1111.7	4201.7	5925.6	4424.8	3732.4	1257.6	1594.1	0	43890
P62851	11617	3269.4	11930	10812	11841	7238	11709	22531	373.67	862880
P62854;Q5JNZ5	9468.1	3855.6	7077.2	7381	10070	4172.9	8024.4	10808	0	347770
P62857	5709.2	1822.1	6064	4388.9	5678.9	4716.6	7042.9	8262.5	395.06	408730
P62861	19034	12154	21180	23648	21067	20391	28637	19883	4029.2	606650
P62873;P16520	4378.9	2044	4419.8	4052	7350.4	3727.9	5053.4	11254	0	239530
P62877	0	0	0	0	0	0	0	0	0	0
P62879;Q9HAV0	9725.6	7627.8	12459	11257	26621	11975	12845	14941	0	530710
P62888	2038.5	381.65	2256.5	2280.9	1847.7	1667.4	2137	2374.6	0	100140
Q59GN2;P62891	2918.2	942.24	2062.1	1731.1	1958.2	2208.3	5685.3	2854.9	310.65	75021
P62899	8987.5	4150.2	8153.1	8165.8	10928	6976.9	9219.2	22182	460.09	682000
P62906	15736	6791.9	21341	17099	18621	12926	12054	20304	617.04	632290
P62910	7109.6	3461.8	7817.1	7625.1	8246.8	4798	8944	26765	571.84	787110
P62913	11186	4336.5	10169	13342	16051	7936.7	10400	18297	474.41	741130
P62917	20431	13876	29508	26446	40287	24778	20552	30025	857.48	1104700
P62937;P0DN26;A0A0B4J2A2;A0A075B767;A0A075B759;Q9Y536;F5H284;P0DN37;O43447	73147	12366	70122	71775	82148	73184	56283	92484	2765.1	3319700
P62942	546.46	0	0	562.2	913.93	518.25	515.08	884.87	0	29972
P62993	0	0	600.77	328.1	0	0	414.84	842.92	0	27844
P63010;Q10567	16605	5791.3	12648	12540	17462	13167	12251	22818	321.51	673490
Q15836;P63027	0	0	0	379.97	562.12	390.09	511.26	1610.6	0	37934
P63092;Q5JWF2;P11488;P19087;A8MTJ3;P38405	3281.2	1718	2734.3	2895.4	3856.6	3243.8	3717.4	4769.5	0	134290
P63098	604.08	0	667.44	285.2	458.02	268.23	0	535.26	0	25718
P63104;REV__P53355	63860	15523	57898	46752	66974	61046	28981	37361	1585.4	1280000
P63167	4520.4	2510.5	6643.4	7045.9	5239.2	3046	4808.8	6487.7	414.48	184140
P63173	6415.6	1437.1	4894.9	4597.8	5158.6	3102.8	5020.6	6838.9	0	355140
P63208	903	645.22	802.71	773.56	1305.3	488.1	1223	2076.2	0	90849
P63218	0	0	0	0	0	0	0	0	0	0
P63220	689.35	697	662.1	1116.5	1722.7	792.79	816.57	921.43	0	34755
P63241;Q6IS14;Q9GZV4	9020.7	1435.7	10522	10984	8846.2	5477.8	4674.6	10808	0	391070
P63244	19398	8862.2	17851	19866	30501	17262	19362	42294	404.04	1261400
P63252	0	0	0	0	0	0	0	0	0	0
P63261	816.74	249.77	301.91	0	470.58	649.4	616.06	718.78	0	19843
P63279	1594	337.03	1548.4	1963.7	1891.3	1602.4	2266.3	4551.1	0	136350
P67809;Q9Y2T7;P16989	5514.1	4196.3	5239.6	5008.6	10967	4689.6	5125.5	10843	0	389420
P67870	0	0	0	0	0	0	0	0	0	0
P67936;Q2TAC2	8661.8	1683.9	4454	4255.9	5430.9	4410	3238.9	6592.6	310.19	241080
P68032;P68133	4659.4	2125.8	3105.6	4415.7	4669.2	3742.6	8007.5	23719	0	651340
P68036	3632.6	1527.2	3813.6	2213.3	3509.5	2383.7	2138	3324.9	0	113560
P68104;Q5VTE0;Q05639	159960	30482	105510	122290	107500	75158	63392	120420	4887.1	4249200
P68363;P68366	5613.6	1504.3	3395.6	4229.4	4804.7	4238.2	4706.1	13343	0	438500
P68371;P04350	2648.2	627.05	1480.7	1888	1466.9	2179	2261.8	4397.9	271.38	138370
Q8NEV1;P68400	429.83	345.55	545.8	686.23	617.72	606.9	438.8	0	0	7907.5
P68402	2081.9	1827.6	2589.5	2648.1	12973	2131.9	2338.3	1275.4	361.17	32472
Q71DI3;Q16695;P84243;P68431;Q6NXT2;P0DPK2;P0DPK5	234150	31426	232590	149490	239160	236580	84470	180970	5780	6928500
P78344	0	0	0	0	0	0	0	0	0	0
P78371	11322	4545.6	10644	8356.5	11455	7985.7	7158.7	16600	0	565210
P81605	4067	4207.2	3536.5	2574	3771.4	2356.9	2796.2	415.61	0	5860.2
P82979	1671.6	322.29	1465.4	1091.4	2452.3	1211.9	1531.4	2940.1	0	91939
P83731	16610	4036.6	11909	13206	16835	11638	11960	13964	0	649560
P83881;Q969Q0	7160.8	1799	6827.7	6847.7	7470.7	4210.7	4470.6	8632	0	296330
P84074	0	0	0	0	0	0	0	0	0	0
P84090	2600.5	567.85	2723.5	2510.8	6267.1	2114	4904.9	9893.3	282.36	382420
P84095	0	0	0	0	0	0	0	0	0	0
P84098	0	0	0	0	0	0	299.14	0	0	10435
P84103	4613.2	2669.3	4289.6	3582.3	7118.9	4289.5	6912.5	10314	0	366840
P98095	1181.2	965.97	670.98	624.14	808.37	888.85	2190.7	6552.8	0	234070
P98160	1719.4	946.12	2760.1	3016.9	3259.5	2465.8	3486.9	6762.7	0	218500
P98179	1345	843.89	1506.8	511.93	1594.3	1549.2	1564	1805.1	0	69355
Q00325	11677	1634.3	6014.4	6958.8	6451.1	5963.6	8782.7	17021	0	697570
Q00341	9839.7	4799.7	9784.6	6832.7	15268	11327	12937	17397	337.87	599980
Q00526;P06493;P24941	0	0	0	0	0	0	0	0	0	0
Q00610;P53675	55347	17016	42305	42959	53529	34185	37694	68377	0	2089300
Q00839	67825	30934	98274	126880	58139	39024	61480	34025	1120.5	1292900
Q01082;P11277;O15020	12778	9109.9	18414	14043	32084	11842	11465	13970	387.1	393730
Q01105;P0DME0	4662.5	1825.7	5479.3	4264.8	5379.3	3343.8	5243.2	7435.7	0	258970
Q01130;Q9BRL6	5079.4	1372.2	4511	5366.1	8056	3639	3008.8	10588	0	301600
Q01518;P40123	16560	5051.1	19563	28419	19815	14213	12387	12832	0	513640
Q01813	511.63	1004.7	991.33	1393.1	1378.2	944.59	698.29	864.09	0	26219
Q01844	2010.5	369.33	2257.5	1177.4	2222.1	1088.7	2712.3	3115.6	0	108520
Q02218;Q9ULD0	3760.1	1300.7	2724.1	10449	2286.1	2693.5	2921.7	5223.1	0	208180
Q02413	0	0	0	0	0	0	0	0	0	0
Q02543	13669	15391	11402	24022	15052	9817.9	9106.1	19335	313.52	687540
Q02790	2235.2	953.98	1823.4	1878.2	2278.5	1212.7	1861.6	4329.7	363.22	143450
Q02809	471.64	0	531	339.77	945.56	0	327.98	399.65	0	10523
Q02818	792.76	391.11	1555.5	1139.6	1130.3	2230.3	1583.1	3092.3	0	116340
Q02878;REV__O75323	8568.8	3216.1	9587	8761.5	12672	7687	7053.3	15427	0	547180
Q02978	3002.1	975.24	3017.4	3669.3	3040.3	2589.6	2039.8	3553.1	0	116590
Q03135;P56539	4043.5	1356.5	2860.4	2650.3	5670.5	4964.8	3835	8631.7	0	262410
Q04637	1482.8	1275.4	1641.9	2182.9	2518.9	1144.7	1742.7	1052.1	0	39517
Q04760	2273.2	981.6	1796.5	2326.2	4161.8	1849	2033.4	4083.3	367.99	130600
Q04837	0	0	0	0	0	0	0	0	0	0
Q04917	4679.6	1112.7	5393	5928.9	7691.6	5359.6	6524	8880.4	0	336650
Q05519	1475.3	782.28	1269.3	1533.7	2503.7	1213.4	1197.6	4857.2	0	128890
Q05682	4731.9	2288.5	3626.6	3901.1	5363.7	3216.5	4265.3	7873.9	359.28	251890
Q06323	6602.6	13075	9125.4	17202	18813	8792.8	8552.7	8840.9	0	244170
Q06330	908.95	1183.6	1790.5	1311.3	2155	1280.3	809.2	1908.9	0	59454
Q06830	24234	8412.4	23063	36695	28110	21740	24027	45547	868.85	1588700
Q07020	5521.1	1368.2	5027.2	5600.7	7183.7	4119.5	4766.4	9033.5	0	311520
Q07065	10353	10606	11661	12673	13425	10819	13474	10964	0	401580
Q07666	0	0	0	0	0	0	0	0	0	0
Q07954;O75581;O75197	7498	4635.8	10465	7163.3	10242	5989.6	8500.7	11854	303.8	388840
Q07955	6073.3	2623.8	5571.8	6572	7625.8	5968.7	8808.4	16415	378.7	710260
Q07960	984.87	616.67	723.91	828.01	1070.3	781.5	796.46	1732.9	0	51488
Q08211	11036	7136.8	13330	11836	15778	10761	11418	18566	0	641990
Q08752	3187	3026.9	5000.2	4885.9	8620.6	4433.7	5960.7	11097	0	359080
Q08945	0	0	0	0	0	0	0	0	0	0
Q09028	7049.9	4053.8	8621.9	8986.5	10589	7195	9571.4	13139	0	394230
Q09666	44931	17737	38566	28831	42610	33673	44833	94303	912	3228500
Q10713	0	0	0	0	0	0	0	0	0	0
Q12792;Q6IBS0	1112	818.96	1961.8	1103.1	3055.9	1179.3	928.4	2117.3	0	67092
Q12874	0	0	0	0	0	0	0	0	0	0
Q12904	441.86	758.8	1132.4	974.54	1077.8	1203.1	1456.8	904.26	0	33701
Q12905	631.42	420.34	566.5	807.6	878.64	884.06	727.06	966.35	0	34756
Q12906	2074.6	1267.1	1506.2	1569.2	4095.2	2819.3	2014.6	3067.4	574.24	93418
Q12907	510.88	0	638.01	462.83	601.21	0	378.67	858.73	0	35519
Q12931	835.71	1363.4	3199.4	2008.1	10509	1674.4	1440.9	5129.1	0	116870
Q13045	601.02	1243.6	1925.4	1539.8	3267.9	421.11	623.72	787.83	0	13740
Q13098	0	0	0	0	0	0	0	0	0	0
Q13126	413.72	0	781.12	548.71	383.04	802.81	669.77	1762.2	0	38703
Q13148	2050.1	1849.7	2207.4	1920.8	2909.9	1680.6	1756.6	4249.9	0	149910
Q13151	14922	10583	20431	15993	68731	18297	19382	27772	1916.3	1133400
Q13155	0	0	0	0	0	0	0	0	0	0
Q13162	3450.8	684.12	3444.3	6212.3	4873.3	3000.4	4901.7	9827.3	0	296460
Q13185	280.18	0	0	0	335.99	0	309.03	586.46	0	16059
Q13200	3543	2087.6	4931.3	5443.2	7413.1	7930.9	4554.3	6642	0	202230
Q13217	0	0	0	0	0	0	0	0	0	0
Q13242	1677.4	594.51	1114.3	1509.5	1832.2	1445	1793.7	2089.3	0	63186
Q13243	0	0	479.45	0	318	0	386.69	645.42	0	23577
Q13247;Q08170	504.86	1540.4	2863.8	2342.2	2721	806.79	1502.9	1264.6	0	29334
Q13257	1074.8	1060.6	1467.4	6657.8	2662.4	1663.7	1675.9	1449	0	75670
Q13263	5941.2	3907.7	7513.5	6864.6	12964	6968.5	6955	13837	0	423360
Q13283	1645.4	740.72	1919.8	1672.4	2393.6	1109.1	1717.5	2701.5	0	90681
Q13308	380.1	0	0	520.22	680.01	347.11	369.22	558.74	0	6074.4
Q13310	1700.6	0	1022.7	853.11	1329.5	1435	1125.2	2417	0	92626
Q13347	4266.4	3875.5	7150.3	4779.7	6330.9	5782.5	6051.5	8545.1	0	283220
Q13423	4760.2	3016	3534.4	3455.5	7582.4	4023	4386.6	7357.4	591.54	201760
Q13435	0	0	0	0	0	0	0	0	0	0
Q13492	774.72	770.1	1250.8	565.35	1442.2	831.58	944.72	1608.5	0	33177
Q13501	0	0	0	0	0	0	0	0	0	0
Q13509	2508.3	2011.1	3041.1	3146.7	2642.1	2335	2947.9	3581.1	0	78632
Q13547;Q92769	382.53	0	474.57	585.62	1082.4	569.5	374.64	1874	0	51743
Q13576	2984.4	624.9	2391.8	3667.8	2896.7	3019.7	2537	3373.8	0	122770
Q13740	0	995.9	1196.4	868.42	1018.7	757.88	929.52	743.8	0	25569
Q13813	18362	10191	17153	17915	33712	17037	21047	27839	0	953720
Q13838	17413	17336	19893	25011	30879	27382	22682	39707	1486.4	1477200
Q13885	0	0	0	0	0	0	0	0	0	0
Q14019	2032.4	0	1699.5	1703.5	2057.7	1813.9	1914.2	2254.2	0	93150
Q14103	17422	5251.6	17326	12081	20687	12444	21057	47772	787.83	1658100
Q14152	14032	22364	21192	19399	36283	18477	13601	18259	628.64	454910
Q14157	1421.4	751.13	1286.9	1334.1	1296.7	764.55	1025.9	3291	0	48758
Q14166	0	0	0	0	0	0	0	0	0	0
Q14203	0	0	0	0	0	0	0	0	0	0
Q14204	3687.1	2771.2	5180.4	3639	4680.9	2949.5	4017.1	4557.4	0	182950
Q14240	0	0	0	0	0	0	0	0	0	0
Q14247	0	0	0	0	0	0	0	0	0	0
Q14257	1105.2	0	844.09	0	418.02	588.64	803.46	1920.1	0	70180
Q14315	8989.2	4547	9246.8	8697.4	21975	13630	13204	19673	0	618600
Q14444	3227.9	606.65	2353.2	2640.8	4168	2006.6	2828.1	5581	0	223470
Q14498	5363.9	4224.1	6283.6	5222.4	9872.8	4482.9	5472.3	5761.5	0	226540
Q14566	492.45	1129.3	1912.2	1545.4	3657.8	1845.8	1779	1977.5	0	70953
Q14573;Q14643	0	0	398.91	288.34	337.92	328.13	342.34	929.22	0	26716
Q14696	0	0	0	0	0	0	0	0	0	0
Q14697	11518	5255.3	11361	7024.7	13310	11839	9544	19266	0	488490
Q14764	5581.5	2362.1	5159.9	4640	5660.8	3301.1	3042.9	7719.5	0	267490
Q14839;Q8TDI0	0	0	0	0	0	0	0	0	0	0
Q14847	1881.9	732.47	1731.7	1428	2938.1	1843	2258.6	3018.3	0	103840
Q14934	0	0	0	0	0	0	0	0	0	0
Q14974	11733	5234.3	12786	9798.8	31318	9821.7	9660.9	14501	0	447930
Q14978	378.91	472.78	743.68	510.65	1193.3	1343.6	567.67	829.77	0	30284
Q14980	0	0	0	323.69	379.93	478.99	535.64	542.28	0	22087
Q15006	0	0	0	0	0	0	0	0	0	0
Q15008	1378.6	1246.9	2260.6	3294	3501.2	2572.8	1716.3	1723.1	0	41230
Q15019	1894.4	597.16	1868.8	1453.7	2416.8	297.47	2094	2373.8	0	86905
Q15029	6100.1	14331	8053	9969.1	12318	6700.6	5248.7	8367.4	0	213560
Q15046	3553	1885.6	4599.4	5786.4	4589.2	4399.4	3083.1	5658.6	0	185590
Q15056	1634.9	1332.5	2177.2	2369.7	2668.7	2212.5	2386.1	2402.7	0	66567
Q15084	14667	7226.3	15820	13902	56046	19860	19328	32617	1161.6	1246900
Q15121	561.13	0	436.6	479.05	337.09	542.34	0	499.47	0	15278
Q15149;P58107	68430	29097	56592	55098	76976	58489	64088	94927	3522.6	3210600
Q15181	0	0	0	0	0	0	0	0	0	0
Q15185	7978.4	5787	10395	11091	9642	7667.1	9123.4	15164	0	496220
Q15233	9513.4	2970.8	8346.7	8243.8	10859	7936.8	9208.8	11979	0	483410
Q15286	0	0	0	0	0	0	0	0	0	0
Q15287	348.08	0	0	277.59	673.25	0	408.5	525.91	0	19292
Q15365;P57723	12461	2543.5	11012	10438	13857	9286.1	11229	26616	437.46	857420
Q15366;P57721	4806.6	2002.7	4218.6	4369.2	5638.6	4133.8	5441.7	13043	0	348830
Q15369	0	0	0	596.61	570.62	438.9	0	805.31	0	22397
Q15370	0	0	295.05	302.85	0	316.7	0	753.26	0	19249
Q15388	0	0	0	0	0	0	0	0	0	0
Q15393	4229.4	2382.4	5850.1	4718.4	9189	4154.3	3912.8	8922	270.99	287500
Q15424	662.84	0	951.61	685.5	1623.7	849.92	1040	3221.9	0	69792
Q15427	0	0	0	0	0	0	0	0	0	0
Q15437	0	0	454.29	363.1	558.54	387.07	382.19	641.36	0	11238
Q15637	1946	757.21	1594.7	1212.7	2031.1	1605.6	1422.7	4919	0	145120
Q15691	0	0	0	0	0	0	0	352.36	0	5921.2
Q15717	2516	1023.1	2677.8	2135.4	4648.4	3528.5	3321.5	4810.7	0	151310
Q15819	1108.6	329.01	667.24	486.99	1029.4	349.16	701.13	1862.6	0	44678
Q15907;P62491;P57735	7863.3	4678.2	10401	13683	29722	9803.1	9765.4	14283	0	416260
Q16181;Q6ZU15	1635.4	518.11	1062.4	795.78	2639.5	1744.1	1556.4	4592.2	0	117310
Q16186	4612.9	2538.7	5010.2	3567	4366	4117	2202.8	1439	0	38360
Q16531	3856.4	10013	5748.7	5116.5	8336.7	4170.5	4085.2	8092	0	218570
Q16543	1776.6	844.4	1543.1	1683	1804.5	1542.4	902.62	1611.9	0	45940
Q16555	1763.5	1224.1	2252.4	2607.7	3142.2	1375.5	1176.6	2323.2	0	98334
Q16576	1091.6	390.68	1174.6	604.3	2356.1	847.25	1473.6	2691.5	0	109010
Q16595	0	0	0	0	0	0	0	0	0	0
Q16629	13199	5807.8	10462	14162	16411	10516	7663.7	12797	0	383700
Q16643	0	0	0	0	0	0	0	634.88	0	12790
Q16647	0	0	0	0	0	0	0	0	0	0
Q16658	31415	5821.7	12636	8881.2	18599	15333	15318	32142	457.26	1074500
Q16678	0	0	0	0	0	0	0	0	0	0
Q16698	1753.7	1202.9	1878.8	988.89	2179.8	1260	1949.5	2494.4	0	67748
Q16799	2433.7	2733.4	3830.9	4261.2	4034.6	3796.2	1288.5	2744.7	0	83858
Q16822	0	0	0	0	0	0	0	0	0	0
Q16851	0	0	0	0	0	0	0	0	0	0
Q16864	690.69	346.13	551.03	1277.3	949.16	793.16	1401.7	1472.6	0	48589
Q16881	1393.5	530.69	1650	1317.8	1821.7	968.87	762.52	1579.6	0	47932
Q16891	689.63	532.32	1411.8	1605.8	6598.8	933.31	1249.1	1675.4	0	49457
Q1KMD3	3464.1	2338	4056.6	3345.1	5109.9	4254.9	4951.5	11206	0	375870
Q32P28	1549.2	382.93	1365.6	1372.3	1651.8	575.53	1220.6	673.43	0	51938
Q3MHD2	449.29	0	1346.5	856.98	1141.2	0	748.34	967.48	0	29238
Q3SY69;O75891	0	0	0	0	0	0	0	0	0	0
Q3ZCM7	0	0	0	0	0	0	0	0	0	0
Q4VC31	0	0	0	0	0	0	0	0	0	0
Q53LP3	6301.8	1749	4386.4	8512.3	5657	3795.3	7262.2	15743	684.62	696420
Q58FF6	1798.8	2040.5	4294.6	6340.6	4188	4694.5	9301.4	16883	346.08	622470
Q58FF8	0	0	0	0	0	0	0	0	0	0
Q5JRX3	660.88	320.8	653.01	734.32	719.72	850.27	637.75	1320.1	0	53226
Q5M9N0	0	0	0	0	0	0	0	0	0	0
Q5SSJ5	0	0	0	0	0	0	0	0	0	0
Q5T749	0	0	0	0	0	0	0	0	0	0
Q5T750	0	0	0	0	0	0	0	0	0	0
Q5VVW2	0	0	0	1213.7	9766.4	66635	0	7203.5	844.46	166090
Q9NR56;Q5VZF2;Q9NUK0	6197.4	2629.2	5686.9	6411.6	7377.5	5341.8	5817.6	5772.5	0	169670
Q63HR2;Q68CZ2;Q9HBL0	609.96	0	674.46	585.17	476.27	0	0	764.22	0	29123
Q6DD88	0	0	362.34	273.95	400.65	0	784.4	1201.3	0	58388
Q6FI13;Q99878;Q96KK5;Q16777;Q93077;P0C0S8;Q9BTM1;Q7L7L0;P20671;P04908;REV__Q8NB25	238490	36715	272110	173890	327750	320520	54197	71755	2227.5	2774800
Q6NZI2	8506.7	6725.2	10471	8884.6	23033	10991	9365.4	13564	847.66	402330
Q6P1K1	0	0	0	0	0	0	0	0	0	0
Q6P2Q9	1902.8	1459.8	3266.9	2455.6	3648.7	2294.1	1441	3214.9	0	39598
Q6P5R6	1095.8	520.76	1242.7	875.6	1406.5	853.06	1033.1	1961.9	0	49339
Q6PIU2	0	0	702.84	0	527.79	0	0	563.79	0	18587
Q6UB35	0	320.42	0	0	0	286.46	0	449.22	0	8342.3
Q6UXH1	0	0	0	0	0	0	0	0	0	0
Q6WKZ4	5378.2	1365.3	5991	4585.5	4032.9	2629.6	6479	16252	832.77	757840
Q70E73	0	0	0	0	0	0	0	0	0	0
Q71U36;Q9BQE3;P0DPH8;P0DPH7;Q6PEY2;Q9NY65;A6NHL2	74154	15898	43878	42978	64205	54087	39751	81287	1990.5	2623700
Q71UM5	2106.4	346.48	1075.9	1805	2738.7	1740.7	2230.7	3713.2	0	132560
Q7KZF4	13066	5777.5	11406	10556	15302	9267.6	12237	18259	0	657500
Q7L2H7	1159.6	0	649.18	1107.6	1102.7	850.28	850.93	922.09	0	24369
Q7L576;Q96F07	3034.9	650.19	2306.3	2438.6	2962.6	2688.9	6134.4	10579	0	449840
Q7RTV0	0	0	0	0	0	0	0	0	0	0
Q7Z406	3447.3	512	1779.1	1694.2	3360.8	2788.9	2423.5	4385.4	0	117880
Q7Z5H4	1397.4	572.52	1747.2	1235.7	2741.2	3809.6	11406	21581	1144.1	1004700
Q86SX6	0	0	0	0	0	0	0	0	0	6549.7
Q86U42	2550.3	1042.5	1904.6	2826.5	2322.3	1281.4	2160	3671.3	0	69619
Q86UP2	0	0	0	0	0	0	0	0	0	0
Q86V81	3960.9	875.83	2709.4	3525.6	4601.5	2537.6	3761.7	12002	318.84	247930
Q86VP6;O75155	4030.4	1304.2	2509.8	3329.1	3691.3	2144.8	2005.2	4137.8	0	163460
Q86Y82	0	0	644.71	624.53	604.64	684.12	332.12	759.55	0	21028
Q8IXB1	467.77	0	971.28	625.62	770.82	514.91	517.18	668.83	0	37863
Q8IYT4	581.08	349.78	1509.2	1123.2	1574.7	784.31	832.18	2908.1	0	100640
Q8IZP0;Q9NYB9	610.89	529.44	1282.3	1022.2	1246.8	1336.5	1482.4	1346.3	0	49570
Q8N1F7	1302.7	0	1113.1	1334.5	1168.2	1246.7	1109.9	3561.7	0	91933
Q8N5M9	0	0	0	0	0	0	0	0	0	0
Q8NBS9	6253	4787.9	6147.3	5787.9	5409.7	2581.1	5923.1	10636	339.48	403770
Q8NBU5	0	0	0	0	0	0	0	0	0	0
Q8NC51	4646.6	791.66	10856	3531.4	4009.4	3132.5	2336.2	6589	0	150980
Q8NCW5	0	0	0	0	0	0	0	0	0	0
Q8NE01	0	0	0	0	0	0	0	0	0	0
Q8NEB9	0	0	0	0	0	0	0	0	0	0
Q8NI22	0	0	0	0	0	0	0	0	0	0
Q92922;Q8TAQ2	2291.3	2611.3	3112.9	3154.5	6016.6	3333.4	1734.3	1394.2	0	54138
Q8TBQ9	0	0	0	0	0	0	0	0	0	0
Q8WUF5	0	0	0	0	0	0	0	0	0	0
Q8WUM4	371.99	603.45	980.08	1500.3	1369.4	625.43	412.5	323.69	0	35608
Q8WVC6	0	0	0	0	0	0	0	0	0	0
Q8WVJ2	0	0	0	0	0	0	0	0	0	0
Q92499	752.79	932.2	1134.5	1357.6	1591.4	878.89	1433.1	1259.4	0	50369
Q92598	696.23	0	795.81	678.22	1158.6	860.39	864.26	2064	0	68765
Q92621	408.62	299.01	534.56	667.71	663.1	357.29	458.44	0	0	21203
Q92688	1287.9	1251.1	1753.4	2171.8	3448	3527.6	3618.6	10469	333.09	270900
Q92734	0	0	0	0	0	0	0	0	0	0
Q92743	0	0	0	0	0	263.1	338.01	0	0	10603
Q92841	1736.1	443.95	1574	1432.6	1700.4	1346.6	1592.1	1601.3	0	58925
Q92896	2079.7	802.93	2103.6	1563.2	3707.3	2143	3062.8	5123.1	0	197070
Q92900	422.37	0	1047.4	680.64	1043.4	461.76	0	0	0	14037
Q92945	7523.2	4629.7	11024	10187	16473	10856	10203	17864	0	589060
Q92973;O14787	650.75	0	619.89	693.25	1771.1	529.24	844.05	1722.8	0	86289
Q93045	669.17	0	1097.6	341.88	1457.7	1317.2	1070.3	1027.2	0	51690
Q93050	0	0	0	670.41	0	350.57	601.41	640.82	0	25300
Q969H8	0	0	0	0	0	0	0	0	0	0
Q969X5	1661.6	734.33	1559.3	1828.3	2025.9	2042.1	2137.2	2486.6	0	74101
Q96A26	7575.3	3503	31123	2399.3	1191.6	428.88	555.54	893.98	0	38223
Q96AE4	562.65	354.39	369.3	370.09	470.84	469.09	395.64	756.04	0	20198
Q96AE7	0	0	0	0	0	0	0	0	0	0
Q96AG4	8776.5	3266.8	15347	6441.5	9731.1	6098.5	7436.2	9851.9	0	313790
Q96AY3	0	0	653.4	406.85	1031.2	579.01	702.43	594.89	0	28352
Q96B26	694.01	790.76	305.26	622.04	360.77	411.17	875.75	1005.2	0	60131
Q96BM9;Q9NVJ2	322.42	435.83	1551.5	1343.3	1369.5	877.74	1330.7	3101.1	0	91112
Q96C19	0	383.67	437.85	600.61	436.25	476.88	0	0	0	6470.4
Q96C86	0	0	0	0	0	0	0	0	0	0
Q96CS3	2371.7	996.54	1318.2	1580.9	1978.4	1277.6	1523.4	2081.9	0	91014
Q96CW1	3657.9	1044.6	2702	2653.3	3822.8	1617.4	2783.6	4240.5	0	179980
Q96DI7	1719	783.27	1928.8	1843.2	3065.4	1546.9	1992.2	3984.9	0	107060
Q96EP5	935.21	1992.8	1037	11156	8424.4	1350.5	879.94	1779.2	0	68552
Q96EY1	432.82	0	468.49	511.73	518.81	0	0	476.52	0	6291
Q96FJ2	2707.5	1904.8	3489.1	5729.8	10126	3858.2	3543	8474.3	0	245070
Q96FW1	0	0	0	0	0	0	0	0	0	0
Q96HC4	295.64	0	326.76	506.31	0	612.42	723.36	758.38	0	21960
Q96HE7;Q86YB8	874.91	411.46	1549.3	1682.5	2543	1642.6	1008	3431.2	0	113830
Q96I24	571.75	417.08	845.41	711.62	866.85	832.72	452.89	613.81	0	11145
Q96I99	1306.4	2053.2	2206.7	1433.3	2570.6	1421.9	2059.7	3446.8	0	142700
Q96IX5	499.43	282.41	633.61	556.61	469.39	482.85	610.23	1386.7	0	41474
Q96JB3	947.42	471.94	1011.7	819.14	675.16	0	642.56	1985.9	0	62773
Q96K17	1115	0	679.83	1105.7	1345.4	1105.6	1637.6	4516	0	88347
Q96K80	0	0	0	0	0	0	0	0	0	0
Q96M86	8942.3	27850	13448	24677	43288	12213	7462.6	4467.6	318.31	142710
Q96P70	0	0	0	0	0	0	0	0	0	0
Q96PK6	520.11	0	457.93	587.12	540.03	454.64	638.69	1382.9	0	63996
Q96PU5	662.5	0	0	367.8	623.7	0	337.57	654.42	0	12543
Q96QD8	0	0	0	0	0	0	0	295.52	0	13411
Q96QK1	4704.7	2667.8	5477	6614.5	8018.3	4711.9	4461.1	5444.5	0	182870
Q96QV6;Q8IUE6;P16104	424.35	442.7	731.54	0	1094.4	890.73	0	588.47	0	9418.6
Q96S97	2072.4	1013.3	1198	1804.8	1475	1193.6	1691.6	1650.7	0	62188
Q96TA1	1805.9	348.83	1021.6	1907.9	987.85	907.39	1590	2728	0	81684
Q99439;Q15417	2802.5	1763.4	2755.2	2788.3	4466.9	3076	2673.1	2931.2	0	68353
Q99460	0	0	0	0	334.8	0	0	864.27	0	15711
Q99497	8096.5	6734.3	11124	9586.2	10766	6172.3	5415	9829.3	273.86	288500
Q99536	728.63	416.14	775.25	658.06	2878.1	1644.2	1427.4	2992.4	0	85004
Q99623	12253	3245.7	10684	12079	16326	10386	12175	18610	295.33	637250
Q99700	0	0	0	0	0	0	0	0	0	0
Q99715	320.54	0	329.22	393.6	435.9	499.21	327.28	665.72	0	17297
Q99729	7765.9	2530.4	8484.9	8167.2	10814	6247.2	9297.4	18013	0	646550
Q99757	0	0	0	0	0	0	0	0	0	0
Q99798	13271	6751.6	17135	15249	28975	26602	30484	31877	834.21	1052200
Q99805	0	0	0	0	0	0	0	0	0	0
Q99829	1232.4	1130.5	3252.1	2137.1	5784.4	4417.7	1409.5	1306	0	36927
Q99832	8810.1	3779	9174.6	10221	10612	7911.2	7826.7	14881	0	499600
Q99873;Q9NR22	4701.3	1746	4900.6	3216.7	10677	3320.7	4722.8	9031	428.12	298870
Q99880;Q8N257;Q96A08	203000	43051	224640	182680	260030	251430	151560	273300	13758	13070000
Q9BR76	3246.2	1738.3	2502	1715.8	3993.1	2883.6	5680.8	3725.8	0	108500
Q9BS26	803.92	326.35	1193	523.93	1296.8	536.53	849.45	962.95	0	20275
Q9BSJ8	0	0	0	0	0	0	0	0	0	0
Q9BT78	0	0	0	0	0	0	0	0	0	0
Q9BTT0	2601.7	1847.5	4169.1	3772.7	3614.5	2632.4	3277.8	3373.3	0	125670
Q9BU70	639.53	0	0	419.5	1599.6	460.58	572.78	572.83	0	13724
Q9BUJ2	0	0	0	0	0	0	0	0	0	0
Q9BUN8	2807.8	2228.2	3508.5	2683.1	3840.9	4026	5216.9	4871.3	331.85	157280
Q9BV35	547.09	407.23	505.59	778.66	1242.1	832.56	433.43	458.21	0	29900
Q9BV40	0	0	0	0	0	0	0	0	0	0
Q9BWH2	686.55	825.5	957.9	1086.9	1106.3	1133.5	947.03	1927.4	0	56908
Q9BWJ5	1887.4	2418.1	3645.3	3541.9	5701.5	4958.7	2815.1	3771.3	0	89751
Q9BWM7	3329.6	1596.7	3373.1	3277.3	5321	4558.4	4223.8	6430.7	0	216730
Q9BXP5	798.1	509.14	2657.3	1643.1	2464.9	1516.2	1791.9	3456.3	0	94919
Q9BY67	0	0	0	0	0	0	0	0	0	0
Q9BZH6	5398.5	856.89	6240.2	5956.9	5405.7	3156.1	1812.9	3215.5	0	147330
Q9BZQ8	1969.7	817.25	2058	1178.8	2569.8	1383.3	1141.5	2454.4	0	84109
Q9BZZ5	2299.4	1043.4	2827.8	1935.2	2427.8	2611.6	3840.1	5218	0	162650
Q9C005	1361	0	1300.7	1042.5	2597.5	1867.3	1071.3	2387	0	79983
Q9GZM7	1093.4	1550.7	2098.4	1586.5	3399.6	1492.4	1282.2	1728.5	0	38515
Q9GZZ1	0	0	0	0	0	0	0	0	0	0
Q9H0A0	541.96	0	860.19	605.28	901.76	520.18	353.1	0	0	9290.2
Q9H0R8;O95166	258.11	0	398.54	0	866.72	0	4858.9	8514.4	546.31	302040
Q9H1E3	999.9	343.7	1012	853.05	1337.4	835.92	644.34	1555.8	0	52280
Q9H223	0	0	470.06	485.37	404.32	0	413.4	653.84	0	21181
Q9H299	2391.1	1962.9	3433.1	3189.1	3645.5	2592.9	2757.3	2014.2	0	52979
Q9H307	772.66	514.24	806.24	1136.8	1594.8	1173.6	1558.6	1435.6	0	38198
Q9H444	0	0	0	0	0	0	0	0	0	0
Q9H4G4	0	0	235.32	367.07	639.19	277.79	397.24	1315.4	0	48437
Q9H4M9;Q9NZN3;Q9NZN4	3116.5	2860.2	5382.2	4500.5	10313	4771.6	4218.9	5376.9	0	139570
Q9H792	0	0	0	0	0	0	0	0	0	0
Q9H8Y8	0	0	0	0	287.06	291.12	0	463.15	0	14929
Q9H910	0	0	0	0	0	0	0	0	0	0
Q9HAV7	0	0	0	0	0	0	0	0	0	0
Q9HB71	5667.4	2685.4	6397.5	4030.1	8161.6	4935	5667.3	8779.2	0	325640
Q9HD45	465.94	689.35	682.77	1445	1185.9	1412.8	1888.3	2356.2	0	105430
Q9NP72	729.8	374.25	730.75	894.94	776.2	870.2	833.17	1476.4	0	34583
Q9NQC3	4587	1975.4	4427.7	4686.2	4151.7	2591.5	3726.6	8512.2	0	182030
Q9NQG5	0	0	382.91	0	546.69	0	0	0	0	2490.5
Q9NQW7	1328.1	0	930.03	1546.9	767.62	849.91	444.64	973.5	0	33513
Q9NR30	4492.7	3762.4	7031.7	5698.3	7654.5	5951.6	8169.2	5320.8	377.14	166500
Q9NR31;Q9Y6B6	2573.3	1967.3	3079	3096	2814.1	2318.7	1696.9	2116.2	0	71605
REV__Q9UNY4;Q9NRD9	4493.5	1506.3	3295.5	2401.7	3006.9	3690.3	1288.6	6926.1	0	184380
Q9NRP0	581.71	521.81	860.69	327.65	1080.6	847.15	1573.7	927.51	0	33781
Q9NSD9	334.49	617.87	1009.4	5517.4	1009.5	345.54	377.94	595.3	0	18720
Q9NTK5	0	0	0	0	0	0	0	0	0	0
Q9NVA2;Q14141;Q9P0V9;Q92599	5694	2142.2	4235	2023.9	3837.3	2960.6	2653.1	6382.8	0	183090
Q9NX63	0	0	0	0	0	0	0	0	0	0
Q9NY12	0	0	0	0	0	0	0	0	0	0
Q9NYF8	1210.9	906.36	2208.9	2571.3	2233.6	860.44	1113.8	5979.9	0	135250
Q9NYU2;Q9NYU1	1021.2	821.4	1595	809.36	1193.1	939.88	1391.4	2133.5	0	83807
Q9NZ01	2181.4	3709	4196.8	6011	7654.9	2934.6	1157.5	2676	0	66070
Q9NZJ7	0	0	0	0	0	0	0	0	0	0
Q9NZM1	6226.5	3561.2	8391.7	5972.6	9455.8	6504.1	6256.9	10430	0	300110
Q9NZT1	0	0	0	0	0	0	0	0	0	0
Q9P258	3811.3	3077.7	4854.5	4485.1	6925.8	4593.7	3715	7219.1	356.03	233860
Q9P2E9;REV__Q9P2M7;Q8N4C6	8816.1	2142.1	6349.8	4132.1	6989.9	4622.2	5835.1	12979	0	466460
Q9P2J5	0	0	0	0	0	0	0	0	0	0
Q9P2K5	0	0	0	0	0	0	0	0	0	0
Q9P2R7	2674.2	2475.5	3396.4	3450.3	8355.5	3861	8958.3	5551.6	418.36	183450
Q9UBG0	0	0	334.15	348.4	1054.5	705.08	350.26	592.48	0	19006
Q9UBQ0	797.39	365	746.06	465.08	947	0	0	1042.7	0	28095
Q9UBR2	2964.8	803.11	5510.8	6202.3	8110.1	5082.7	3826.1	8968.9	0	369610
Q9UBS4	3693.6	1059.3	2757.2	1972.4	4161.3	3243.8	2855	5172.2	0	174370
Q9UBT2	638.95	277.24	385.43	416.4	880.47	316.61	609.58	1430.8	0	41529
Q9UBX7	1858.4	886.94	5542.2	1522.7	2039.8	1624	2064.7	7262.4	0	152930
Q9UG63	0	0	0	0	0	0	0	0	0	0
Q9UGI8	1023.8	466.35	967.23	1115.3	970.57	805.2	815.71	1896.1	0	71984
Q9UGP8	0	0	0	0	0	0	0	0	0	0
Q9UHA4	1713.5	284.35	928.56	1192.3	1582.1	1117.3	696.68	765.51	0	21230
Q9UHB6	0	0	0	0	0	0	0	0	0	0
Q9UHD8	0	0	0	0	0	0	0	0	0	0
Q9UHV9	1310.8	700.35	1135.5	939.37	840.71	897.73	0	745.25	0	30171
Q9UHX1	3036.9	1396.7	3306.1	3805.7	5620.2	4294	6667.4	9705.4	336.55	335930
Q9UI15	5272.9	1961.9	5638.9	2906.9	4757.5	3180.2	2379.8	2602.6	0	102090
Q9UII2	2922.9	762.79	3846.6	3836.8	2379.1	2313.2	2424.8	4274.4	0	190000
Q9UIJ7	1316	2048.6	2691.8	2957.8	4192.4	2327	1709.9	5417.4	406.9	101260
Q9UKM9	1660	0	1559.6	1790.4	4161.3	3471.2	2842.4	5726.8	0	193500
Q9UKV3	649.85	464.38	1237.8	756.59	1301.6	708.23	826.29	580.86	0	41139
Q9UL46	0	0	0	0	0	0	0	0	0	0
Q9ULV4	4899.4	3623.6	5975.5	6905.4	7655.3	4739.6	6136.3	8914.4	0	270330
Q9UM00	708.26	0	1155.3	434.86	1370.6	528.01	666.11	457.64	0	25751
Q9UMS0	0	0	0	0	0	0	0	0	0	0
Q9UMS4	1968.4	1139.7	2066.4	1982.2	3065.2	1851.6	2108.8	3085.7	0	96476
Q9UN86	407.4	0	909.78	972.9	793.04	406.57	675.04	1077.4	0	39800
Q9UNF0	0	0	0	0	0	0	0	0	0	0
Q9UNH7	953.78	330.15	390.13	467.26	1010.4	800.93	839.25	1158.7	0	38624
Q9UNL2	2195	1250.5	2615.2	2812.4	2274.4	2626.2	2676.2	2402.1	0	72341
Q9UNM6	2350.2	1410.1	3527.8	3144.3	4000.8	2159.7	2269.8	5615	0	170440
Q9UNZ2	6494.5	6375.7	14417	7432.7	8837.8	8429.3	4947.8	1907.1	495.85	42828
Q9UPN3	0	0	0	0	0	0	0	0	0	0
Q9UQ80	7692	3305.1	8252.7	9183.9	9545.8	5813	8105.4	13304	0	503740
Q9UQE7	1110.9	0	935.14	721.48	1873.1	1496.8	793.59	2454.3	0	66202
Q9Y224	562.17	1597.3	2113.7	1204.3	2570	2199	629.45	1039.4	0	23395
Q9Y230	0	0	0	373.83	0	0	355.15	1091.4	0	29240
Q9Y262	3299.1	1242.9	4827.6	4694.6	6117.4	3181	4298.5	7248.4	0	248170
Q9Y265	387.8	280	1079.6	241.17	654.62	623.39	812.65	972.84	0	37005
Q9Y266	2199.5	1307.8	2925.4	7703.9	5190.5	1432	2228.8	6420.7	296.84	143390
Q9Y277	2959.9	1413.7	3602.8	4215.1	6551.6	3155	5664.5	8409.4	353.03	314040
Q9Y285	0	0	0	0	0	0	0	0	0	0
Q9Y2B0	3795.9	3810.9	5460.9	5171.9	6077.6	4527.6	5542.5	1651.5	0	33310
Q9Y2V2	0	659.2	1017.4	522.48	810.98	0	505.06	0	0	8027.3
Q9Y2W1	2494.3	439.89	2423	2065	2267.9	2759.7	2093.2	5339.2	0	148720
Q9Y2X3	1237.1	1969.2	5008	1153.3	2603.2	939.9	1663.1	1503.1	0	62801
Q9Y383;Q9NQ29	2114	10938	17486	5960.9	5184.1	3753.1	2266	2484.7	0	95747
Q9Y3B3	982.09	0	822.45	914.72	1302.5	1457.6	915.4	1109.5	0	33138
Q9Y3D6	0	387.91	636.71	768.6	495.68	763.07	594.52	1447.6	0	44315
Q9Y3E0	0	0	0	0	0	0	0	0	0	0
Q9Y3E5	795.77	0	717.54	576.35	972.25	843.2	763.67	2759.5	0	43719
Q9Y3F4	3759.6	1201.4	3480.8	3978.1	4159.5	2784	5386.1	8405.8	0	286590
Q9Y3I0	607.47	0	372.14	811.45	1493	429.42	1134.7	2106.7	0	64695
Q9Y3U8	0	0	0	0	0	0	0	0	0	0
Q9Y3Z3	762.2	0	886.06	770.96	1533.9	1186.2	1163.1	3484.5	0	92475
Q9Y490	19075	19275	22641	23987	29775	20175	18606	27394	0	855570
Q9Y4L1	6400.8	3631.1	6416.8	6060.9	6117.5	4198.3	10612	15113	2082.1	385640
Q9Y512	0	0	0	0	0	0	0	0	0	0
Q9Y5B9	1414.2	2071.3	1057	2620.2	1486.9	730.56	3406	6497.1	0	308970
Q9Y5K6	786.59	794.6	1232.3	840.52	1655.2	639.76	513.47	848.38	0	23727
Q9Y5L4	7448.6	8535.1	10038	12618	14739	12601	13361	2507.1	1249.7	25238
Q9Y5M8	0	0	0	0	0	0	0	0	0	0
Q9Y5S9	661.83	0	398.83	708.05	645.13	809.49	648.65	1964.3	0	77784
Q9Y617	2801.3	1281.1	3063.6	2397.3	5073	2029.6	2119.1	3534.7	0	112430
Q9Y666	0	506.62	496.66	546.62	2010.4	1092.4	1051	1350.5	0	33051
Q9Y678	0	561.35	469.48	0	401.11	475.08	627.36	294.23	0	19645
Q9Y696	3125.3	859.72	3672.3	3697	3762.3	3049.3	2313.6	3902.9	0	115230
Q9Y6C9	734.09	778.06	1081	2135.8	3495.4	1512.9	920.97	1816.4	0	77354
Q9Y6G9	0	0	0	0	0	0	0	0	0	0
Q9Y6K9	0	0	0	0	0	0	0	0	0	0
REV__O15360	0	0	0	0	0	0	0	0	0	0
REV__O60437	0	0	0	0	0	0	0	0	0	0
REV__O60506	0	0	0	0	0	0	0	0	0	0
REV__P33991	0	0	756.95	0	604.21	514.83	1309.7	1453.2	0	53381
REV__P35052	0	0	0	0	0	0	0	0	0	0
REV__P98196;REV__Q9Y2G3	4086.9	980.03	1570.7	1482.1	3444.3	3449.7	4374.5	8958.4	343.83	326820
REV__Q14C87	977.39	447.65	639.32	818.85	1042	0	1415.9	1754.5	0	88891
REV__Q8TBY8	0	0	0	0	0	0	0	0	0	0
REV__Q8TF21	0	0	0	0	0	0	0	0	0	0
REV__Q92835	743.72	750.31	1070.7	1355	1950.3	1370.9	4535.9	7781.8	0	385000
REV__Q96ST3	6895.8	3076.2	4420.2	6218	5908.4	4753	10738	30649	1119.9	959340
REV__Q9NU22	98050	91508	106630	120980	179600	141890	178050	6821.4	4849.1	29010
