Protein IDs	Reporter intensity 1 PNNL SC Chip1 A	Reporter intensity 2 PNNL SC Chip1 A	Reporter intensity 3 PNNL SC Chip1 A	Reporter intensity 4 PNNL SC Chip1 A	Reporter intensity 5 PNNL SC Chip1 A	Reporter intensity 6 PNNL SC Chip1 A	Reporter intensity 7 PNNL SC Chip1 A	Reporter intensity 8 PNNL SC Chip1 A	Reporter intensity 9 PNNL SC Chip1 A	Reporter intensity 10 PNNL SC Chip1 A
A6NHQ2	0	800.43	510.82	328.78	616.95	412.62	876.18	1745	0	56772
P62308;A8MWD9	1554.2	1964.7	12875	2807.5	3438.8	2022.3	1532.9	1959	0	61560
Q99613;B5ME19	2469.8	3046.6	3027.2	2311.3	3852.6	3483.3	2929.1	5947.4	0	132140
C9JRZ8	1569.8	509.24	1611.6	613.79	737.87	353.19	330.81	1724.9	0	28147
CON__ENSEMBL:ENSBTAP00000007350;CON__P01030;P39748;P0C0L5;P0C0L4	17158	15361	8346.5	6776.8	9110.2	7205.8	8254.6	12487	0	409000
CON__ENSEMBL:ENSBTAP00000016046;P23142	1661.6	1719.2	4719.5	751.59	3096.9	1406.1	1849.5	4125.1	0	135840
CON__ENSEMBL:ENSBTAP00000024146;P01023;P20742	62387	61165	30060	20831	37335	31820	35826	68540	381.65	2264300
CON__O43790;CON__Q6NT21;CON__P78385;CON__Q14533;O43790;P78385;Q14533;CON__Q61726;CON__P78386;A6NCN2;P78386	1555.1	2365.4	1644.9	3975.2	3896.5	4117.7	6248.7	1569	286.05	27128
CON__P00761;Q9BYE2	366020	308040	320110	311380	306380	312740	272100	22410	5503.3	407500
CON__P01966;P69905	1037.3	1320.9	2465.6	2189.1	1461.6	728.29	360.84	1127.6	0	26326
CON__P02533;P02533;CON__Q04695;CON__Q9QWL7;CON__Q6IFX2;Q04695	0	0	0	0	0	0	0	0	0	0
CON__P02584	5407.4	4981.5	2718	2450.3	2085.9	3328.4	3128.5	5085.5	0	176660
CON__P02768-1;P02768;Q92985	159660	181540	137410	161680	159890	215970	35077	14877	0	281330
CON__P02769	211560	247430	349750	360380	274490	300380	43126	62302	0	1447200
CON__P04258	4688.6	11086	7525.8	4300.3	7121.3	5740.1	3442.9	5532.8	0	270530
CON__P06868	290.67	314.38	253.36	0	561.91	334.73	165.25	0	0	5992
CON__P07477;P07477	1316.2	1524.6	1372.7	618.27	638.12	1769.1	9973.3	20942	0	766740
CON__P12763;P02765	60870	62504	92805	87437	72224	80966	15137	15284	1008.3	480210
P13645;CON__P13645;CON__P02535-1;CON__P08730-1;Q7Z3Y7;Q2M2I5;CON__Q2M2I5;CON__Q7Z3Y7;CON__Q7Z3Y8;CON__Q148H6;CON__P05784;Q7Z3Y8;CON__Q7Z3Z0;CON__O76015;P05783;O76013;CON__O76013;CON__Q9Z2K1;CON__O76014;CON__Q3ZAW8;O76015;Q7Z3Z0;O76014;CON__A2AB72	21382	5857.9	4774.5	5013.9	5377.7	6475.7	4649.4	1441.3	0	61271
CON__P13647;P13647	0	0	0	0	0	0	0	0	0	0
CON__P15497	0	0	0	0	0	0	0	0	0	0
CON__P15636	12380	5798.4	4637.8	2772.1	6921.3	6685.1	18052	43421	0	1451900
CON__P34955	12005	13681	20816	21613	16182	16266	2794.2	4589.7	0	129200
CON__P35908	0	0	0	0	0	0	0	0	0	0
CON__P35908v2;P35908	5678.4	2104.4	1663.4	1387.5	1696.8	1808.1	1192.3	844.79	0	41791
CON__P62894;P99999	1486.5	1871.1	757.55	777.86	2499	1020.6	791.85	2169.3	0	83751
CON__Q29443;CON__Q0IIK2	796.9	1187.2	2211.7	1686	3037.6	1460.7	815.89	953.69	0	18602
CON__Q14525;CON__Q9UE12;CON__Q15323;Q14525;Q15323;CON__Q6NTB9;CON__O76009;CON__Q497I4;O76009;CON__Q9D646;CON__A2A5Y0;CON__Q92764;CON__Q14532;CON__REFSEQ:XP_986630;Q14532;Q92764	2929.8	4231.7	5823.5	7176.9	7758.1	9111.8	15835	1403.4	0	48891
CON__Q3SX09;P68871;P02042	1853.2	704.34	1876.2	1374.3	1955.2	1077.7	1694.3	4854.8	0	119980
CON__Q3SX14;P06396	8563.7	8198.8	5612.1	4160.7	6595.9	5010.5	5962.8	11877	0	384120
CON__Q3SZV7	1916.5	1264.4	739.53	1105.5	1193.8	1591.9	1347.2	3547.9	0	99654
CON__Q3ZBD7	8033.6	9307.6	4468	3564.2	4943.4	5452.3	7525.1	18364	0	484110
CON__Q3ZBS7	1830.1	1828.9	1328.3	433.59	2950.1	888.41	2774.9	3614.9	0	132020
CON__Q5D862;Q5D862	0	0	0	0	0	0	0	0	0	0
CON__Q86YZ3;Q86YZ3	7811.8	3262.6	4416.4	3871	6599.1	6060.5	4859.8	941.41	0	7691.2
E9PAV3;Q13765;Q9BZK3	5150.5	5424.4	3590	3910.5	4521.7	5716	2529.8	10043	283.38	292290
G2XKQ0;P63165	1564.5	1925.3	1734.5	1079.3	1892.9	907.28	2112.6	4017.3	0	123280
O00148	2446.7	2557.4	2334.6	1786.1	4651.9	1912.1	2150.6	3366.8	0	87657
O00151	0	0	0	0	0	0	0	0	0	0
O00159;Q9UBC5	778.73	805.94	462.56	772.6	709.34	643.48	1004.7	1798.3	0	66200
O00231	2325.5	5483	4389.8	6343.9	6150.6	3289.8	2793.3	4264.2	0	119630
O00232	0	0	0	0	0	0	0	0	0	0
O00264	2674.6	3076.6	2542.2	1946.2	2595.1	2717.2	1405.6	1716.3	0	49720
O00299	10076	13392	7078.5	6240.1	7081.6	8148.8	7709.5	13294	0	441650
O00303	2790.1	3080.8	2155.6	1201.4	3910.7	2920.6	1522.5	2188.6	0	119980
O00330	0	0	0	0	0	0	0	0	0	0
O00410	1654.8	1196.6	1963.8	1767.1	1793	1214.5	1683.8	623.02	0	18307
O00425	0	0	0	0	0	0	0	0	0	0
O00469	0	503.04	0	447.51	591.76	426.52	907.54	979.6	0	41184
O00483	2932.1	2664.7	776.15	1476.9	1623.4	1699.7	3508.2	5640.9	0	229180
O00487	0	0	0	0	0	0	0	0	0	0
O00499	0	0	0	0	0	0	0	0	0	0
O00534	0	0	0	0	0	0	0	0	0	0
O00567	2068.7	1924.7	1631.9	1948.7	2065	1940.6	1360.7	2510.5	0	76959
O00571;O15523	8527.6	9743.7	7331.8	6193.7	7275.9	8073.3	8033.1	12108	622.94	486850
O00629;O00505	1486.3	1699.4	410.16	1016.4	2932.2	1468.8	2617.9	3438.9	0	131690
O14497	5712	6645.1	1716.2	2822.7	4250.7	4389.3	6401.2	7179.2	392.62	399780
P47813;O14602	3563.2	6746	12362	1026.1	18503	4045.7	5314.4	11202	428.27	329970
O14737	440.77	798.24	1118.2	865.21	1333.8	825.27	460.87	304.39	0	9192.1
O14745	985.16	752.59	330.03	0	661.02	485.21	1083.8	1598.3	0	59577
O14776	0	0	0	0	0	0	0	0	0	0
O14818;Q8TAA3	3268	6862.5	2916.4	4558.3	4396	3150.5	3735.1	7284.9	0	258100
P19105;O14950;P24844	8228.9	12360	2837.9	3193.6	5762.9	6954.3	7096.7	16026	421.88	466240
O14979	354.12	1224.2	445.9	616.73	2194.9	945.88	1417.3	2256.5	0	59301
O14980	545.88	311.18	887.53	335.95	684.15	1096.8	500.8	1244.3	0	47408
O15031	440.27	455.22	0	311.06	756.27	619.09	448.27	0	0	9362.3
O15143	2428.6	2805.1	1407.1	1937.6	2431.4	1629.4	2785.8	4723.1	595.19	180940
O15144	3391.3	9540.2	3593	6131.3	26636	4690.9	3594.3	5561.7	307.42	214030
O15145	7155.3	8411	2966.2	3446.9	3512.7	3980	4594.6	6945.6	0	249530
O15212	0	460.36	570.65	336.43	592.46	0	303.25	300.81	0	17237
O15258	1424.1	1879.9	1705.5	1752.9	3480.9	1717.2	2841	4610.7	0	104620
O15371	2365.2	3447.6	1565.3	1195.5	2158.1	2523.6	2415	4447.4	0	137780
O15372	1882.3	2789.6	1916.6	2108.1	2437.4	2170.5	2403.3	3878.9	313.8	138030
O15400	0	0	322.15	0	0	400.47	0	474.91	0	16676
O15460	578.41	860.27	0	333.32	565.34	0	1193.9	1330	0	45876
O15511	1125.9	1355.5	1066.2	567.89	942.46	528.35	1093.4	1722.6	0	66664
O43143	2374.4	1635.9	1592.1	1394.4	1199.3	1619.7	1020.2	3104.1	0	108140
O43175	4324	9232.1	2802.7	5013.4	4425	3129.4	2715.9	6509.6	0	222030
O43242	1022.9	1593.1	1540.9	1317.2	1630.6	2034.9	1249.3	1701.5	0	51452
O43390	835.56	1067.9	620.75	407.51	918.79	0	1215.7	2176.7	0	43952
O43396	1416	2730.2	691.63	839.29	2398.3	1460.3	1533.8	4108.7	0	109350
O43399	2393.7	2556.5	1336.6	991.18	1148.9	2032.1	1435.6	2316.4	0	108230
O43402	0	0	0	0	0	0	0	0	0	0
O43491;Q9Y2J2	1777.8	2064.9	1068.3	882.93	4711.1	2026.4	2248.4	3955.3	0	108360
O43615	0	0	0	0	0	0	0	0	0	0
O43681	959.36	530.14	677.53	281.47	961.9	656.82	791.8	1476.6	0	46150
O43684	825.45	794.46	334.5	1956.4	1046.6	1088.9	1210.8	1343.4	0	34278
O43707;Q9H254	34736	45195	30430	30548	42148	45343	41112	79160	817.73	2484000
O43747	1577.1	1401.9	3267.6	720.61	1604.2	1249.1	829.28	0	0	9585.9
O43776	2700.1	19472	6841	11032	27957	5601.6	3152.8	3366.2	0	110750
O43837	655.75	634.55	1646.8	554.92	1418.2	993.49	1131.5	1388.5	0	28595
O43852	4596.4	4232.4	2916.6	1961.7	2828.6	2591	3733.8	8197	354.46	270240
O60216	0	0	0	0	0	0	0	0	0	0
O60220	0	0	0	0	0	0	0	0	0	0
O60493;Q9UMY4	1164.8	1413.1	825.35	877.36	483.55	951.52	1475.2	2402.4	0	88926
O60506	2291.9	3395.9	2746.1	2201.4	3453	2656	2465.1	5790	0	204350
O60568	0	0	0	0	0	0	0	0	0	0
O60613	0	0	0	0	0	0	0	0	0	0
Q9HAW9;Q9HAW8;Q9HAW7;O60656;P19224;P22309;P35504;P35503;P22310	3996.5	2841.6	2023.4	1692	2596.9	1545.2	1558.6	2093.1	0	77832
O60716	0	0	0	332.53	509.45	0	0	407.65	0	15303
O60749;Q13596	0	411.16	0	0	441.32	0	427.03	546.1	0	18348
O60763	426.97	1646.2	992.07	1768.8	1160.9	1067.8	854.31	1646.4	0	51777
Q99879;Q99877;Q93079;Q5QNW6;P62807;P58876;O60814;P57053;Q16778;P33778;P23527;P06899;Q6DRA6;Q6DN03	21260	22813	20513	12404	24019	29237	6642.5	4520.1	0	233110
O60831	978.7	2283.8	640.87	528.48	392.42	598.52	432.07	1922.5	0	45524
O75083	5618.3	8105.1	3689.3	2919.5	5185	5142	3677.1	6991.2	0	262310
O75131;Q96FN4;Q8IYJ1;Q96A23;O95741;Q86YQ8;Q9HCH3;Q9UBL6	0	0	0	0	0	0	0	0	0	0
O75340	2539.4	1907.7	2232.5	1478.5	2274.7	1547.5	1376.7	2229.1	0	71138
O75347	0	327.11	0	0	0	402.77	559.36	743.2	0	32045
O75348;O95670	0	0	0	0	0	0	0	0	0	0
O75367	0	0	0	0	0	0	0	0	0	0
O75368	865.97	1260.2	391.48	419.19	945.35	835.07	1044.7	1417.1	0	48462
O75369	15387	19033	15375	10899	19668	18522	18056	36917	661.28	982150
O75390	6889.6	5401.9	3184.1	3654.1	4031.4	6057.2	9120	21935	452.78	631510
O75396	306.41	0	0	0	0	457.73	580.55	1255.8	0	65717
O75400;Q6NWY9	803.46	1267.6	550.33	847.46	388.24	489.75	2269.9	2759.2	0	116900
O75439	0	515.72	0	0	0	303.88	345.66	1351.1	0	35911
O75475	801.75	739.59	937.45	427.86	934.21	871.78	1204.7	2101.6	0	55723
O94905;O75477	0	0	0	0	0	0	0	0	0	0
O75489	2541.9	6523.5	2980.4	3228.3	2755.2	1892.1	1405.6	970.22	0	30087
O75531	1048.5	1078.6	1056.6	538.18	497.34	840.08	2332.8	3635.4	0	141590
O75533	2285.8	3010.4	3743.1	1644.7	4239.7	2928.8	3365.6	2708.4	0	98664
O75534	1022.5	1906	1937.4	1771.9	3202.4	1936	1448.8	2200.9	0	58138
O75643	0	614.88	0	5231.2	351.06	282.26	311.63	1441	0	30034
O75746;Q9UJS0	4394.1	4144.6	3470.7	2140.7	3069.8	2605.4	4188.6	6973.7	0	242440
P54855;O75795	1790.8	2170.3	1711.8	2586.4	1997.5	1758.5	1484.1	847.46	0	40867
O75821	569.19	823.63	1753.5	575.82	2125.9	712.67	330.18	0	0	10276
O75822	797.09	549.59	619.34	365.73	524.15	670.29	855.95	1255.5	0	39756
O75874	4770.7	4561.1	4618.3	3225	5325	3927.7	2739	3015	0	66653
Q13177;Q13153;O75914	582.74	448.1	307.27	318.31	571.68	714.23	488.76	1006.5	0	36256
O75915	3123	3906.1	2716.9	1806.2	5694.2	3458	3259.2	6351	293.09	184140
O75937	0	0	0	0	0	0	0	0	0	0
O75947	0	0	0	0	0	0	0	0	0	0
O76003	0	476.41	0	589.96	455.18	352.75	0	300.66	0	5599.4
O76094	301.54	415.68	761.13	0	721.77	583.72	0	405.14	0	16156
O94826	548.28	383.87	335.58	0	467.52	472.97	607.22	1642.5	0	36151
O94925	0	0	0	0	0	0	0	0	0	0
O94973;O95782	689.16	1405.6	599.92	477.33	1722	942.51	1450.6	1869.2	0	68407
O94979	4277.7	6915	6142.2	3622.5	7295.9	6173.5	3465.2	3758.5	0	109270
O95182	568.32	593.59	470.63	388.79	1197.8	324.85	552.42	816.18	0	32966
O95232	0	0	0	0	0	0	0	0	0	0
O95292	0	0	0	0	0	0	0	0	0	0
O95302	956.9	945.77	799.95	638.52	888.61	409.94	1426.7	1440.8	0	63325
O95399	2788.3	1860.2	920.1	1064.4	1683.7	1357.4	2813.2	4895.5	347.05	179160
O95433	0	0	0	0	0	0	0	0	0	0
O95777	1963.2	2352.4	2165.5	1716	2451.7	1657.4	1508	3174.8	0	75978
O95831	2568	3320	1769.8	1716.9	3097.8	2759.5	2270.9	3129	0	108350
O95837;P50148;P29992	1989.7	1267.3	1512.3	1474.8	1126.5	1434.2	1299.1	1414.4	0	57331
O95881	0	384.08	0	0	463.63	0	377.84	909.97	0	29313
O96000	359.45	1096.6	753.05	312.27	1514.9	606.11	1124.4	1723.1	307.5	45974
P00167	2823.5	4024.1	1912.2	1805.9	2426.7	2629.4	5022.6	8526.8	0	281830
P00338;P07195;Q6ZMR3;P07864;Q9BYZ2	8116.3	12603	4867.6	4441	8086.2	7991.7	9848.4	18499	309.95	656850
P00367;P49448	4620.3	6509.4	4824.2	3585.7	6331.3	4078.7	5895.4	11104	0	413570
P00387	1110.7	1050.9	924.42	573.01	1462	504.71	1945.8	2609.6	0	114190
P00395	1071	850.93	622.19	422.24	865.55	393.8	880.83	2657.9	0	94543
P00441	0	0	0	0	0	0	0	0	0	0
P00492	412.08	452.62	427.72	0	517.63	0	454.26	0	0	14789
P00505	13305	12546	10872	9666.4	12948	10397	13642	27505	1100	868250
P00558;P07205	35971	60764	20600	21722	24899	26572	24154	45259	557.23	1617100
P01116;P01112;P01111	2040.8	1359.4	467.56	476.59	750.08	727.91	1199.5	3365.3	0	80446
P01130	0	0	0	0	0	0	0	0	0	0
P0DOX7;P01834	2110.5	3433.6	2451.1	1582.2	3017.3	3657.7	949.48	1047	0	29496
P01876	384.45	1187.9	845.38	471.92	885.36	1085.3	320.55	546.26	0	13210
P02452;CON__Q862S4;P02458	28587	25396	9155.2	10786	10578	15405	22242	34127	835.07	1231900
P02461	0	488.75	480.66	393.29	382.54	551.46	734.88	751.47	0	32723
P02462;P29400	0	0	0	0	0	0	0	0	0	0
P02545;REV__Q5VX52	104320	96911	68731	62504	90948	85282	79373	124080	4960.8	4349300
P02647	13425	18456	13608	12141	13710	9948.3	2385.1	3401.7	0	71718
P02751	44042	37864	29361	26256	49261	35278	77585	137440	3416.5	4739600
P02786	0	0	0	0	0	0	0	0	0	0
P04040	941.37	1018.7	645.35	995.97	681.02	756.93	561.66	2072.7	0	41930
P04075;P05062	33657	43410	28269	20933	31773	24311	33952	54129	433.64	1789300
P04083	11142	13975	6234.1	5479.1	13150	11376	17481	24275	0	845710
P04179	0	0	0	0	0	0	0	0	0	0
P04181	19849	22751	21172	19667	21490	22433	20313	9449	1480.4	344660
P04264;CON__P04264;CON__H-INV:HIT000016045	41937	18296	16725	14752	21297	20492	18791	770.41	0	11776
P04406	39826	49473	21599	21087	23821	29941	14268	17003	976.85	760000
P04632	1046	1255.3	688.14	0	1096.7	996.66	886.18	1589.9	0	71561
P04839;Q9Y5S8	2306.7	2364.4	7483.4	6232.8	7059.8	4812.4	3668.1	4703	0	117120
P04843	5827.5	6796.4	4721.4	3052.4	4806.3	5187	4654.5	7152.5	0	300670
P04844	319.65	2060.1	717.76	676.63	1633.1	671.9	1093.7	1702.5	0	56404
P04899;P63096;P08754;P09471	8791.1	10712	8146	5927.2	18294	9494	11216	19138	338.24	612870
P05023;Q13733;P20648;P54707	11311	14641	12229	10231	19726	10813	12689	21514	0	691970
P05067	0	0	0	0	0	0	0	0	0	0
P05091;O94788;P47895;P30837	7214.5	29090	5316.2	20156	9599.5	5817.9	9283.4	20339	0	672240
P05141;Q9H0C2	42974	34232	20767	19701	24057	23322	48037	71621	4659.2	2875800
P05198	2525.5	3746.7	1012.4	2676.8	4316.9	3208.6	3559.7	6398.4	0	213380
P05387	4334.5	5256.6	4120.9	3175.7	4309.4	3989.2	5552.3	7768.1	0	250940
P05388;Q8NHW5	22213	23156	17914	14965	22610	17414	23635	40190	372.11	1575600
P05455	2974.5	3771.7	2211.3	2638.6	2842.9	2043.5	2665.2	4830.3	0	214220
P05556	1386.2	1195.6	2006.9	433.46	873.35	1194.7	1433.6	1245.1	0	38841
P06454	11522	15849	8468.9	7501.8	9879.9	7716.1	6319.5	5012.2	0	161610
P06576	15288	16005	12431	8707.3	19213	19274	21020	42207	774.52	1419800
P06702	5779.2	3353.6	3236.4	3875.3	3903.9	5370.5	2170.1	610.87	0	10583
P06703	19419	30798	6931.5	4478.4	12367	16285	13762	20591	356.11	975560
P06730	2417.7	2754.3	2745	1202	5099.5	2888.5	3349.6	5309.8	0	175780
P06733	27957	35382	36221	33106	44144	59208	33197	43169	499.39	1819300
P06748	21698	18524	10409	10366	12222	13429	20216	34869	1795.1	1393600
P06753	11815	12321	11400	8722.2	13346	12052	10899	12680	560.36	423110
P06858	1440.5	739.95	2875.4	1424.5	1808.6	1528.2	2005.9	4164.8	0	124420
P06865	0	0	0	0	0	0	0	0	0	0
P07237	53134	48864	28989	26983	41753	42366	85497	89791	3018.6	3814700
P07305	2833.3	1630.5	1026.6	558.19	2140	2356.1	1631.8	3790.6	0	130700
P07355;A6NMY6	32085	31526	17147	15714	26526	26783	31302	44332	0	1596600
P07437;Q9BVA1;A6NNZ2;CON__ENSEMBL:ENSBTAP00000025008;Q9H4B7	75763	86828	36164	37502	60395	78327	45194	71401	1613.6	2160500
P07602	430.77	993.08	525.16	499.21	909.37	436.36	4559.1	7455.9	0	256190
P07737	14176	14910	8366.3	6287.9	11250	10019	10058	23775	1375.8	714940
P07741	1550.5	8830.6	1325.4	1501.5	1417.5	921.3	918.67	1657.5	0	56597
P07814	3909.9	5004.8	3396.2	2873.4	4934.6	4555.1	3993.8	6845.6	0	226100
P07900;Q14568;Q58FG0;Q58FG1	51826	63099	52551	27135	43058	53521	22130	37275	1313.4	1200400
P07910;P0DMR1;O60812;B7ZW38;B2RXH8	7427.6	9114	5838.8	4516	8094.3	7201.4	5629.2	6350.7	0	222400
P07954	1257.7	1472.9	728.06	830.78	2410.9	917.06	501.56	557.94	0	41185
P07996;P35442	12166	11725	4804.3	4771.7	5872.7	6560.6	9877.9	18598	324.34	628230
P08133	20498	24967	7534.3	6579.9	11680	14286	11984	21211	385.4	774050
P08134;P61586;P62745	4423.1	3403.7	2898.4	2139.8	3307.8	2396.8	4196.9	10340	0	277630
P08238;Q58FF7;Q92538	113000	152920	79401	71553	127060	118850	87016	139920	2116.2	4696100
P08559	1666.3	2289.2	798.55	588	856.24	1005.1	1298	2904.8	0	104390
P08574	545.23	650.21	718.46	481.87	857.28	416.86	500.37	825.61	0	25040
P08579	0	0	0	0	0	0	0	0	0	0
P08621	4044.4	4435.5	5134.2	3207.9	4495.1	3479.9	3943.4	7872.4	0	275380
P08670;P17661;P14136;P41219;Q16352;P07196;P07197	179810	232160	70699	54109	85008	95254	99337	166530	3894	5985500
P08708	6032.8	10772	6701.2	7550	8554.7	6963.6	7464.7	17996	0	479830
P08758	27115	26725	15922	16009	21044	17310	25138	48200	1059.9	1709000
P08865;REV__Q2TAZ0	22734	36904	17817	15319	23977	24401	22520	31867	0	1598600
P09104	2844.2	3386.7	10697	2687.2	3026.8	4561.4	5462	8283.2	0	219360
P09110	530.88	908.5	838.03	428.62	541.5	259.83	0	600.51	0	22093
P09234	0	0	0	0	408.6	0	0	346.79	0	14355
P09382	11752	14017	3021.9	2185.6	5130.2	5956.1	14111	21297	802.12	805250
P09417	545.13	1057.6	607.1	294.03	1008	0	290.46	957.1	0	31711
P09429;P26583;B2RPK0;P23497	3008.4	14907	3705.7	5907.2	7265.3	5743.4	4416.8	8385.8	0	219220
P09486	1070.7	2039.1	723.69	1031.9	1498.3	763.26	1699.9	4287	0	133340
P09493	57926	86985	41557	26354	69252	49760	49584	98739	3105.2	3293500
P09525	12054	14758	5565	4821.4	10041	7059.1	8506.1	10071	0	428440
P09622	2686.4	1227.3	1386	630.59	870.07	1440.8	2400.5	6527.9	0	169250
P09651;Q32P51	35345	55336	27677	24461	57431	34753	27080	49418	1437.4	1458300
P09661	0	0	0	0	0	0	0	0	0	0
P09874	0	0	0	0	0	0	0	0	0	0
P09972	309.91	1055.5	1144.5	1323.8	956.16	1126.9	573.16	2642	0	59482
Q71UI9;P0C0S5	3575.9	5384.3	2672.7	2219.2	5398.5	6309.4	5335.8	9029.4	0	366560
P62987;P62979;P0CG47;P0CG48	7620.2	9971.8	5031.6	4288.8	6501.4	7465.2	16368	37526	715.62	1124700
P0DN76;Q01081;Q8WU68	3685.3	4039.5	1709.5	2133.9	2670.1	2731.3	4170.6	8808.6	0	282060
P0DP25;P0DP24;P0DP23;P27482	22412	26198	11158	11325	13853	17304	17574	27684	1165.5	1090800
P10321;P30462;Q29865;Q29963;P30480;P30499;P30460;P18463;P30508;P30505;P30504;Q29960;P30512;Q07000;P10316;P10314;P01891;P30459;P30453;P16189;P30510;Q9TNN7;P13747;P16188;P30493;Q31610;P01889;P30475;P30486;Q29718;Q29836;P01893;P30492;Q95365;P16190;P30479;P30466;Q29940;P01892	1037	612.54	1039	1460.2	1321.3	2174.7	2045.2	3332.8	0	107250
P10412;P16403;P16402;Q02539;P22492	25358	25543	18576	14087	38193	38341	15700	26096	0	928790
P10515	1448.4	1525.2	1130	591.35	889.38	954.15	1114	3083.6	308.63	107810
P10599	14660	9789	12876	6159.9	13544	9926	7780.1	8063.7	0	218650
P10606	989.17	527.66	721.15	303	664.67	501.95	958.77	3231.3	0	88853
P10644	1992.4	2895.3	2032.4	1332.5	2697.2	1532.8	2458.3	5431.8	0	158130
P10768	4415.2	2866	2577.3	2086.2	2448.6	1631.2	2775.6	5954.1	0	174000
P10809	56254	65261	42095	36768	56041	50398	65202	87464	4854.4	3187200
P11021	59034	52578	35617	28193	35774	37920	66798	124670	1100.6	3926000
P11047	299.6	0	273.09	0	0	0	0	0	0	7129.1
P11142;P54652;P34931;P0DMV9;P0DMV8	97624	168430	69527	112440	110480	109760	85224	158390	5102.2	5453200
P11166	0	0	0	0	0	0	0	0	0	0
P11177	1997.6	2425.5	1898.6	1487.4	1699.2	2681	3742	6556.9	293.67	270350
P11234	0	0	0	0	0	0	0	0	0	0
P11279	5240	6482.6	4069.6	2696.1	2530.2	3507.8	4024.9	6819.2	0	180370
P11310	494.79	718.54	850.73	464.64	693.51	608.69	1278.5	1798.7	0	64337
P11413	5111.9	5558.3	4536	6789.6	14645	6636.8	4187.2	7103.8	0	240950
P60891;P21108;P11908	528.14	842.85	860.02	718	454.34	280.28	303.45	0	0	8458.6
P11940;Q9H361;Q4VXU2;Q96DU9	16490	22166	11836	12271	14839	15673	20462	32211	0	1093800
P12004	16765	19466	9077.9	10115	14214	12456	19611	35564	0	1257600
P12081	700.25	1543.4	713.09	781.51	1446	831.83	879.47	1421.1	0	42626
P12235	5408.6	2626.3	2462.4	1759.4	3091	2490.2	2690.6	4307.1	402.69	249970
P12236	1305.1	988.59	283.73	454.77	1493	834.34	771.23	2203.4	0	43095
P12268	3043.2	1581.4	1791.4	1466.7	2073.6	1888.2	1267.4	3623.8	0	104890
P12270	0	0	0	0	0	0	0	0	0	0
P12277	0	473.97	505.48	401.94	468.78	443.85	0	1113.8	0	27301
P12429	9322.5	14828	8038	5394.2	9205.7	7588.8	11161	19735	298.76	718570
P12814;P35609;Q08043	11433	15334	7193.2	7601.9	11029	7013.1	11678	26782	398.07	745850
P13637;P50993	0	0	0	0	0	0	0	0	0	0
P13639	44272	48716	33563	28385	43192	37478	32966	61744	290.21	2009200
P13667	11447	21310	7352.6	12740	12034	7968.5	13950	26519	357.75	888300
P13674	5513.6	6724.9	4707.5	7481.9	8558	5257.7	7114.6	11684	0	414720
P13693	710.43	705.72	539.89	915.41	897.26	1344.2	924.64	989.51	0	30270
P13796;Q14651	11707	11207	19381	18223	11041	9544.9	14286	24257	0	799510
P13797	0	0	0	0	0	0	0	0	0	0
P13804	266.9	0	301.84	0	630.26	0	619.86	1865.5	0	54996
Q5VT79;P13928	2526.1	3324.1	1262.7	309.84	1653.4	1188.9	1249.6	1971.1	0	64229
P13929	777.92	1762.7	1189	2930.8	1475.6	492.42	934.45	1232.8	0	27667
P13995	349.89	448.54	431.64	463.83	437.03	259.46	456.5	433.8	0	17855
P14314	1484.1	2129.5	652.58	1270.6	1867.4	1391.9	1924.1	5324.4	0	153330
P14317	0	0	0	0	0	0	0	0	0	0
P14324	418.14	324.37	418.45	0	0	0	551.98	399.22	0	40073
P14618;P30613	41242	56709	33455	45143	52013	35285	49469	87087	1144.2	3001400
P14625	78740	71977	45240	66700	111930	52396	64068	99985	1063.9	3766600
P63162;P14678	7677.7	6645.8	4886	4071.1	10271	7271.4	7565.7	13750	376.78	583920
P14854	1132.9	1780.5	2662.4	1387.4	5074.3	573.62	1503	1194.6	0	29019
P14866	7388.3	9224.8	6229.5	6288	13132	11495	8282.1	11689	0	309520
P14868	2386.6	2615.1	2338.4	2243.9	3236.2	1867.3	2306.9	4308.6	0	109650
P14923;P35222	1950.3	1503.6	947.83	854.75	2266.7	1682.8	2387.1	3325.4	295.85	116300
P14927	2192.2	2134.9	2352.4	1510.3	3959.2	2258.3	3895.7	2845.6	0	108050
P15121	644.94	584.46	616.45	555.02	1087.1	459.33	991.27	847.61	0	27353
P15153;P63000;P60763	1625.7	3020.2	1758.9	969.16	1837.3	789.37	2717.9	3718	0	133840
P15170;Q8IYD1	0	0	0	0	0	0	0	0	0	0
P15311	2125.7	6422.8	1854.2	2853	5127.3	2498.3	2766.7	2600.4	0	99045
P15531	929.3	1997.4	755.56	522.55	974.79	1664.8	2036.1	4167.4	0	103030
P15586	502.29	691.26	760.75	434.47	847.64	0	756.54	909.03	0	37411
P15880	28773	34355	20774	15307	44731	29493	25596	33448	281.76	1166700
P15924	1391.3	1014.1	1108.7	998.1	1716.7	1358.8	3275.1	7658.5	0	163470
P15954	1499.9	2239.5	1122.2	1110.2	1256.9	1278.2	1686.1	3113.9	0	121460
P16219	0	0	0	0	0	0	0	0	0	0
P16401	7613.5	8200.2	4853.9	4041.9	7679.5	6646.7	4311.2	9505.2	0	291900
P16435	0	0	0	0	0	0	0	0	0	0
P16615;O14983;Q93084	4005.4	4018.1	2696	1692.7	3915	2246.6	3915.3	6791.8	0	264710
P16949	1108.5	1354.2	1229.1	1184.5	1337.4	1611.9	952.02	1550.1	0	47863
P17066;P48741	899.27	1065.6	1128.2	735.9	1135.4	766.39	831.67	1641.5	0	65148
P17096	0	0	0	0	0	0	0	0	0	0
P17174	761.56	992.3	314.38	0	737.47	1116.4	882.54	1846.9	0	53884
P17612;P22694;P22612	0	0	0	0	0	0	0	0	0	0
P17655	1539.9	2485.9	1449.4	1762.4	3733.8	2941.2	2662.9	6093.9	0	182500
P17812	295.29	0	0	0	303.14	343.14	0	703.81	0	27549
P17844	28992	32487	22161	22994	41048	28515	29514	53075	0	1768300
P17858;P08237	0	0	0	0	0	0	0	0	0	0
P17931	8307.6	11117	7707.5	7420.1	7550.5	6274.3	5652.8	8087.7	289.12	322030
P17980	1912.4	2950.4	3212.4	1737.2	3359.3	1891.5	1188.1	2513.9	0	65747
P17987	10474	13254	7843.9	7478	10315	10602	11813	18250	0	642900
P18077	8580.4	9635.9	5749.2	6256.8	9107.6	13010	7859.9	10940	0	397660
P18085	0	0	0	0	0	0	0	0	0	0
P18124;Q9Y4A5	13779	14802	8940.2	8017	11004	10492	11641	20167	452.73	712660
P18206	10060	15513	8870.2	7714.5	14861	13917	10055	14456	0	499650
P18564	1317.2	1391.4	1384.6	946.41	1314.9	705.54	1273.3	3221.1	0	118180
P18621	8385.4	8619.6	7102.7	5620.2	6113	6157.7	5764.9	14165	336.98	466430
P18669;P15259;Q8N0Y7	8823.9	8152.6	3495.7	3479.5	5704.6	7688.8	7232.8	18040	351.75	566850
P18754	2274.5	2092.1	2327.7	1199.7	2021.9	1373.2	980.56	2308.7	0	74187
P19022	0	610.75	0	322.47	710.18	644.18	0	710.33	0	21301
P19338	27640	28015	16492	14004	20755	13950	30044	48684	415.42	1900900
P19367	1344.2	2297.8	1451.1	1289.7	1651.2	2410.6	2678.2	5872.9	0	163420
P19404	0	390.83	0	0	0	0	0	831.71	0	20497
P19623	5385.3	6235.5	3217.8	3456	9083.4	6851.8	2835.6	7138.5	0	180100
P19878	0	0	0	0	0	0	0	0	0	0
P20042	535.09	1249.9	768.01	643.71	1918.3	1238.1	1568	1994.2	0	96945
P20073	2212.1	4325.1	2504.1	2001	4071.7	2863.2	1637.3	2600.5	0	84799
P20290	0	0	0	0	0	0	0	0	0	0
Q9NRW1;P20340;Q14964	573.72	996.16	858.13	624.06	2156.6	1073.3	1184	1689.2	0	54686
P20618	571.84	1106.5	405.27	844.47	1045.2	1230.5	1042	1686.1	0	56500
P20674	6070.5	1677.9	1360.7	697.17	770.51	1051.1	683.92	2728.3	0	99873
P20700;Q03252	15531	27612	16262	14654	30174	20217	15493	29030	0	895800
P20962	0	0	0	0	0	0	0	0	0	0
Q9UQ88;P21127	619.2	1266.4	346.15	922.18	1015.9	640.73	579.75	1291.2	0	19869
P21281;P15313	4649.9	4462.4	2990.6	2843.6	4933.5	3810.2	4073.4	6170.1	0	196000
P21283	286.83	831.26	651.09	1093.7	1618.4	1700.4	1002.8	1527.1	0	41713
P21291	3058	4279.8	1876.2	1131.1	3160.6	3642.5	4214.4	9152.1	0	313000
P21333	100220	128870	73487	65433	97798	73000	76429	128440	1664.3	3851500
P21397	237.54	399.53	0	382.81	399.22	283.69	547.73	933.21	0	49587
P21796	26350	27224	16281	14760	25452	22067	27372	41354	831.87	1336500
P21912	324.01	857.66	484.08	601.36	1335.4	907.28	441.55	1323.8	0	26116
P22087	5609.1	5687.4	5175.6	6786.2	6799.2	7067	5594.8	8571.6	0	296320
P22102	0	0	0	0	0	0	0	0	0	0
P22234	4755.7	4815.6	4022.9	2148	3882	3987.2	4145.5	6899.8	424.7	203620
P22307	2967.6	2686.2	1258.2	1796.4	2729.4	2248.8	3759	7019.9	277.14	290620
P22314	14050	15416	8309.6	9205.5	8828.9	8509.5	11712	21884	0	745440
P22392;O60361	28572	32925	15586	12714	17175	19246	13296	20600	933.49	595140
P22626	34192	34849	26869	18830	30958	30063	31702	62547	1023.4	2027800
P22695	11872	10190	7217.6	6872.2	12043	5469.5	5473.5	3053.9	0	95884
P23193	1719.9	1643.2	992.18	678.25	1543.8	813.91	1353.3	2712.3	0	66186
P23246	16328	14831	10055	10245	13756	11871	18769	29873	482.66	1073800
P23284	5146.7	4227.3	3795.8	3131.6	3938	3513.3	5597.7	4614.2	382.19	225660
P23396	32448	39204	17358	16837	22700	27439	26390	46985	358.44	1594300
P23526	4579	5729.9	7987	5328	10891	3853.2	5246.2	7190.2	0	251900
P23528	40046	51559	15283	14018	24245	29665	25583	42124	658.69	1266600
P23588	2051	2049.4	1089.5	1286.8	1569.1	1446.1	3161.5	5156.8	0	189950
P23921	489.86	424.74	482.44	506.09	602.87	836.29	0	813.05	0	30463
P24534	13629	16678	5654.2	5464.1	7831.9	7792.5	8337.6	18122	0	504550
P24752	4245.9	6907.2	4827.8	3933.8	7094.4	6481.5	8005.8	14953	0	499600
P25205	558.52	1140.6	711.07	363.35	910.79	962.6	1455.8	2106.3	300.27	80835
P25398	11478	11415	6870.5	7922.3	10987	9564	20369	35878	1297.4	1295500
P25705;REV__O00522;REV__Q9Y5A7	40025	43069	26076	20555	45572	43013	33998	51829	540.49	1859600
P25786	7969.5	9060	8275.7	5832.6	8635.8	9135.7	7758.9	10250	0	430000
P25787	18144	13214	11239	12881	9775.6	9322.8	7319.7	1856.7	0	39409
P25788	2592.6	2651.4	2813.3	1611	3003.5	2177.4	3801.8	6187.7	0	182760
P25789	1007.5	1008	834.02	0	847.03	674.64	830.39	1647.1	0	52936
P26038	32024	36941	21260	17909	29162	23934	26633	43701	549.9	1496900
P26196	0	0	0	0	0	0	0	0	0	0
P26368	5467.9	5656.6	3853.3	2856.4	5360.2	4846.1	5010.7	12260	0	371700
P26373	25411	26908	17831	18872	22981	23470	19789	33732	834.74	1303000
P26447	16182	13638	9866.9	8398.3	7735.6	3722.4	11823	21158	446.82	704680
P26599;O95758	4357.6	3782.1	2596.9	1803	2685.8	2236.1	757.62	2455.3	0	81543
P26639	2092.9	2535.1	1252.1	1283.2	1526.1	2145.7	872.11	2569.8	0	90261
P26640	285.03	1214.6	984.02	1023.9	1869.1	2537.1	233.86	1017.1	0	26404
P26641	29912	33034	15741	13144	16862	21845	19244	35179	651.48	1252800
P26885	0	0	0	0	0	0	0	0	0	0
P27105	859.83	810.68	378.68	833.72	1004.5	578.95	678.03	2352.7	0	53046
P27338	366.04	552.02	371.36	0	0	332.67	1738.8	2547	0	88927
P27348	6938.3	9602.2	3713.9	3009.7	6723.6	6250.4	5159.8	10800	0	354200
P27635;Q96L21	9576	9715.4	12530	6960	7855.5	14819	7642.6	16602	419.9	498090
P27695	1124.7	1370.2	1039.2	553.74	2049.1	629.91	1459.8	3227.9	0	100120
P27708	0	0	0	0	0	0	0	0	0	0
P27797	25247	15318	10763	10435	11848	12336	15796	36793	0	1127400
P27816	636.07	933.52	691.22	697.4	601.03	802.01	344.37	682.1	0	36221
P27824	101580	114530	66173	71079	82098	98038	35959	45458	2931.8	966080
P28066	2779.7	3212.7	1417.7	1756.9	2192	2047.3	3354.1	7421	0	249120
P28070	1060.8	1232.1	382.06	906.15	565.53	913.16	728.62	1438.6	0	54967
P28072	3942.1	2620.8	2023.4	1710.3	1691.5	1668.3	1370.2	2195	0	98825
P28074	1131.6	2212.5	1322.4	3617.9	7914.8	1730.2	643.25	2475.1	0	57479
P28300	0	0	0	0	0	0	0	0	0	0
P28331	1689.7	2221.6	2711	1082.3	2259.5	1912.5	1582.2	3890.2	0	129960
P28482	0	559.12	607.92	588.64	344.04	558.6	485.8	986.67	0	23295
P28799	0	0	0	307.63	0	0	0	478.95	0	6460.8
P28838	1214.3	1188.6	1323.9	320.87	1789	2317.5	1080.2	2795.6	0	83707
P29350	1130.6	605.31	594.66	917.07	1013.7	835.58	1568.2	1778.6	0	59041
P29401	5554.4	6077.9	7260.6	6477	10175	7981.8	10958	19840	565.47	651850
P29692	15507	25378	9571.8	23941	19951	15665	14352	29325	0	886950
P29966	548.13	820.66	445.3	589.52	871.59	0	605.44	1255.4	0	42262
P30040	0	0	0	0	0	0	0	0	0	0
P30041	0	468.38	0	0	0	703.03	616.49	1236.5	0	46448
P30044	5446.7	5366.9	2234	1623.4	5586.2	6129.3	6333.2	9554.2	0	406000
P30048	3193.9	3036.1	2234.6	2807.4	3750.2	2996.9	3494.1	5239.7	0	215950
P30049	1659.1	1140.6	681.05	563.56	981.76	754.18	1833.7	3257.1	0	128510
P30050	16347	20935	15526	16489	19019	15320	17266	19133	811.02	670870
P30084	1294.2	1535.4	326.64	1010.2	1048.3	989.27	2061.1	4548.3	0	139960
P30085	369.7	1163.6	559.8	1185.7	19270	1872.4	767.91	1596.1	0	36694
P30086	3526.9	4245.8	1821.6	1365.6	2518.3	2452.7	2240.6	3165.1	320.27	131590
P30101	16689	13707	11243	8356	15297	12947	17324	32164	269.08	1002500
P30153;P30154	2564.1	3663.2	1439.5	1666.7	2510.7	2947.1	1707.9	4179.7	0	127230
P30419	536.43	640.28	705.15	757.76	1921.3	1198.2	444.73	2839.5	0	67198
P30519	0	0	0	0	0	0	0	0	0	0
P30520	0	0	0	0	0	0	0	0	0	0
P30626	1694.2	3055.5	1008.8	1227.8	1333.2	1877.1	1620.8	3395.1	0	153130
P31040	1668.9	2001.4	1197.5	1762.4	2566.9	1070.6	2937.7	5968.5	0	229490
P31146	7498.3	11697	7740.5	16963	12832	7956.3	9215.3	15177	534.99	414770
P31153	340.89	829.14	0	0	339.78	533.06	379.31	445.16	0	18458
P31930	1757.7	1601.1	558.51	1903.4	2801.4	1463.9	1547.4	2340.4	0	84837
P31939	477.78	989.48	0	359.68	848.74	743.12	612.18	409.29	0	19647
P31943	6316.9	6579.4	4919.9	4222.6	5874.8	6534.5	4647.5	8564.1	0	313490
P31944	0	0	0	0	0	0	0	0	0	0
P31946	2533.5	3270.1	1577	1720.1	3376.9	2341.6	1906.7	3394.4	0	126250
P31947	1895.3	2585.5	1405.6	1741.8	1852.5	2065.8	2261.4	2882.8	0	127720
P31948	8393.2	9699.6	5727.2	6008.3	11673	11156	7957.5	12100	0	409080
P31949	4013	4204.5	1714.4	1365.1	3437.5	3583.5	4050.9	12185	0	332000
P32004	0	0	0	0	0	0	0	0	0	0
P32322	0	0	954.3	619.27	1266.4	508.64	838.41	665.47	0	24468
P32969	394.07	1091.1	486.15	446.42	1713.6	1062.5	858.88	1338.5	0	32999
P33991	2709	2810	2218.6	1813.9	2933.9	2311.1	2110.5	3694.7	0	111900
P33992	1168.2	2399.7	1696.3	1753	3750.9	1688.3	1527.3	3323.1	0	103980
P33993	636.05	697.61	301.39	0	811.19	0	845.89	1109.5	0	57432
P34897	14382	10920	15032	6689.1	10273	9450	14681	23273	0	862740
P34932	5087.8	6163	4148.4	3332.8	4786.5	3439.7	4751.4	7041	0	228180
P35221;P26232	0	0	0	0	0	0	0	0	0	0
P35232	12496	12786	11781	9233	17740	14478	14386	23719	0	712280
P35241	1113.4	1462.7	1241.5	571.73	1989	1414.8	1077.6	2137.6	0	55695
P35250	0	0	0	0	0	0	0	0	0	0
P35268	1108.2	1588.4	2229.4	1233	2472.8	3384.8	2548.4	9027.9	0	167880
P35527;CON__P35527;CON__Q99456;Q99456	21601	12151	13396	9743.1	12514	10193	10145	1020.5	0	32802
P35579	138320	182750	59254	46724	98770	108680	75289	126980	1920.9	4411000
P35580	1383.8	2420	400.16	1624.5	2631	2016.6	1956.9	2523.6	0	98061
P35606	4445.2	4076.8	3805.7	2804.6	4241.2	3660.2	3927.3	4235.4	0	148830
P35637;Q92804	5142.6	6665.2	2602.5	3664.5	5028.5	3860.4	5568.5	12936	0	493900
P35659	0	0	0	0	0	0	0	0	0	0
P35749	797.24	1080	369.88	837.88	762.42	668.67	629.89	2057.7	0	62448
P35998	2451.7	3303.3	1757.9	1421.9	4791.1	2969.2	2833.6	5492.6	0	192340
P36542	3775.7	3131.5	1203.9	670.75	2678.5	2521.3	0	0	0	9580.4
P36543;Q96A05	0	0	0	0	0	0	0	0	0	0
P36551	0	0	0	0	0	0	0	0	0	0
P36578	38373	38393	30833	29036	37561	30296	26326	36940	692.6	1111400
P36776	538.93	729.61	498.75	561.5	732.84	842.4	1380	2911.6	0	84051
P36873;P62140	840.85	861.2	882.72	491.67	827.52	621	867.93	834.97	0	31126
P36957	1495.2	523.44	816.65	0	2155.7	1283.4	1800.3	3193.8	0	104920
P37198	0	381.43	440.57	376.15	564	416.65	294.06	397.02	0	12361
P37802	7304.7	14004	6745.3	6060.1	8440.4	6514.3	6291.9	10564	0	346520
P37837	5590.8	5696.3	5389.1	4944.6	3771.7	3574.8	3149.8	6539.9	0	167850
P38117	1889	2463.6	1159.4	1245.6	1901.6	2173.9	2073.8	3631.7	0	156950
P38159;Q96E39;O75526;Q8N7X1	7584.5	8056.3	5614.8	4044.3	6612.3	6909.5	7193.6	13395	0	399140
P38606	2575	3161.3	2608.8	2354	5688.7	8314.9	3667.4	5109.7	0	122340
P38646	27198	33323	20832	17041	24674	21100	28190	54647	640.57	1694600
P38919	5422.9	9082.6	5876.6	6143.7	8567.6	5227.6	6154.7	11975	0	390490
P39019	17910	24134	11518	15655	15218	16754	18207	24591	680.09	1084300
P39023;Q92901	25248	39185	20143	35151	27771	31644	18600	29755	342.38	954320
P39656	5727.6	11716	4587.5	6091.5	8494	6443.5	7962.3	14016	417.14	515870
P39687;REV__Q9Y2X3;O95626;O43423	2616.4	5674	3552.9	2966.8	7042.1	2904.9	4779.1	10967	0	311720
P40121	0	0	0	0	291.39	299.06	342.88	328.3	0	22130
P40227;Q92526	7002.2	8193.7	2917	3807.8	6275.1	6233.1	6131.7	11797	295.24	447230
P40394	738.4	1214.7	833.74	506.97	1599.7	1466.7	949.88	2431.6	0	77564
P40429;Q6NVV1	14385	24316	10506	18344	20312	14125	10469	16979	441.32	623620
P40616	0	0	0	0	0	0	0	0	0	0
P40925	2427.4	2670.2	1430.5	1549.1	1919.1	2691.1	2730.6	5629.8	0	153110
P40926	27129	30196	18318	20378	27341	20175	31577	55067	962.46	1875400
P40939	9351.3	8217.7	7118.9	5987	7617.4	7457.8	10270	14737	0	471040
P41091;Q2VIR3	2506.6	3496.5	1150.8	515.39	2440.3	2350.7	2558.4	7292.3	0	169640
P41250	2314.3	3220.1	1471.8	1796.3	2267.3	1449.7	1709.9	3046.2	0	101210
P42167;P42166	3778.3	2955.6	1429.5	915.47	1846.5	1504.2	1649.2	3288.9	0	139750
P42224	786.38	683.15	700.23	712.03	1066.2	0	768.89	1387.3	0	50989
P42677	267.98	2126.3	802.35	1677.5	2031.6	1693.6	1291.4	1516.7	0	58663
P42765	0	0	0	0	0	0	0	0	0	0
P42766	20830	18010	13356	11780	17309	16685	9656.3	21062	1452	701330
P43243	2952	2709.1	2899.3	1873.9	3991.8	2820.3	2420.4	4158.9	0	132920
P43304	261.66	814.17	394.19	387.67	851.37	611.54	610.56	1136.5	0	35706
P43307	451.33	282.97	322.13	502.39	529.27	0	629.58	1752.5	0	51562
P43487	7826.5	7611.4	4168.1	3135.6	5616.9	7017.5	5833.6	10048	268.53	330180
P43686	2866.2	3080.6	13548	1822.1	4449.2	3393.8	1256.3	1879	0	62104
P43897	0	376.48	0	0	350.82	384.44	272.96	1325.2	0	30017
P45877	0	0	0	0	0	0	0	0	0	0
P45880	10047	9582.2	7509	7938.1	21240	8485.2	16775	29951	0	1030600
P45973	1425.3	2175.6	2477.7	2403.5	2948.3	2071.5	2223.8	4776	0	129170
P45974	1356.1	605.1	1245.5	3014.5	1012.2	1474.2	554.16	1299.3	0	46192
P46013	634.4	1856.3	1021.8	3040.6	672.75	579.26	847.65	2702.3	0	70958
P46060	0	0	0	285.59	280.83	264.17	394.85	806.82	0	24251
P46459	1537.9	2395.5	2504	1896.2	3850.8	1064.7	1643.4	2581	0	112440
P46776	10117	10306	8255.7	7311.3	9109.8	6687.3	8745	18686	366.65	546630
P46777	17481	23123	15824	14956	23322	17581	17941	35514	370.28	1265100
P46778	3328	2535.2	1539.5	1021.4	1939.5	1711.5	2891.7	6497.7	0	206680
P46779	16024	33215	11146	16977	22959	15353	12272	17788	649.4	632800
P46781	19539	24908	12353	12285	18015	19943	17010	22545	744.44	858100
P46782	16685	17027	8897.6	8020.4	10406	11581	7784.1	14817	0	502710
P46783;Q9NQ39	17642	16219	10355	10377	14921	16973	7714.2	12087	0	340550
P46940	6536.2	7592.2	6170.1	5822.1	7970.2	7411.9	5599.2	11928	0	368030
P46977	7241.8	6175.2	4254.2	1695.9	5317.1	4031	4897.4	8848.7	456.25	314420
P47755	3275.1	4740.6	2864.5	2015.8	3259.6	3445.5	2665.7	5063.3	0	176100
P47756	1419.5	2014.3	742.13	517.25	1765.7	1611	2852.2	4483.9	0	147760
P48047	2063.9	1485.3	1196	1575.1	2274.3	1838.4	2177.2	4190.9	0	119490
P48147	1088.7	1427.1	1954	1041.3	2365.2	1378.2	919.45	977.28	0	30944
P48444	2725.8	3029.9	1772.1	1775.3	3464.2	2898.8	990.14	5094.2	0	150570
P48643	6251.7	9247.1	4946.2	4497.2	8085.1	6908.4	6356	10905	0	334970
P48735	4385	10048	5152.7	36834	33312	5834.8	10316	19585	0	639060
P49006	803.13	737.08	824.64	1025.4	1768.3	613.87	738.94	527.82	0	21329
P49189	0	368.32	391.17	0	0	0	0	308.81	0	7909.8
P49207	17880	18562	10389	11950	15973	15743	7757.5	8792.4	0	317020
P49257	959.33	1640.2	1006.7	456.01	850.53	583.1	1197.8	3100.8	0	87014
P49321	2377	2915.4	1480.6	1285.7	4088.9	2548.3	1815	3121.1	0	118610
P49368	10413	14032	12757	8481.4	15086	11128	11291	19522	0	656080
P49411	3956.4	5577.5	2633	1905.1	4958.2	3136.4	5198.3	8786.5	0	323720
P49588	2763.3	2611	978.03	1021.5	1997.2	2106.6	2235.6	4384.5	0	132950
P49591	7000.1	7382.5	4886.7	4890.8	6448.8	6253.5	4597.4	9689.8	0	252380
P49720	2979.1	5021.5	4607.3	2558.5	2891.3	2471.6	3404.9	4825.1	0	156480
P49721	2452.1	2867.3	1428	1533.3	2387.3	2292.5	2321.8	3470	0	154160
P49736	3658.8	7282.8	4366.2	5645.3	8399.4	3910.3	4288.5	9048.8	385.83	223110
Q86TX2;P49753	361.09	716.99	0	0	521.94	0	0	877.59	0	48177
P49756	0	0	0	373.49	0	0	0	347.16	0	5853.7
P49773	0	0	0	0	0	0	0	0	0	0
P49821	0	0	0	0	0	0	0	0	0	0
P49915	638.11	828.92	542.69	337.8	0	705.32	0	1451.4	0	32882
P50213	1351.3	1954.8	1372.8	0	1637.5	1422.4	3090.1	5106.8	0	192150
P50238	0	0	0	0	0	0	0	0	0	0
P50395;P31150	5741.4	8046.5	5681.2	3121.4	7095.4	6156.3	6345.8	9336.6	0	327000
P50440	878.36	1504.9	1451.9	3281	3006.7	1660.7	1373.2	2435.8	0	79019
P50454	30388	24543	13447	8478.4	22764	22549	17699	36437	284.04	1126900
Q8IZP2;P50502;Q8NFI4	5238.6	8096.1	3644.7	2737.6	4935.9	4613.3	4206.2	9854.1	0	335380
P50552	1091.6	919.79	559.2	549.83	1671.4	1082.6	862.83	1222.6	0	17296
P50914	2465.1	2269.9	1806.3	1575.3	1473.4	1761	1265.4	1060.8	0	35295
P50990	9181.1	10269	7294.1	8913.1	8339.1	9280.3	9157.1	8716.2	0	381370
P50991	11512	17565	7737.6	10952	17016	12408	11284	18265	411.9	664730
P51114;Q06787;P51116	0	0	0	0	0	0	0	0	0	1588.8
P51148;P61020;P20339	1691.4	1557.2	925.07	968.21	1183	1009.1	1381.6	2380	0	73198
P51149	5358.7	6922	4037.8	2849	5138.4	4062	7530.7	12058	0	426130
P51571	0	0	0	0	0	0	0	0	0	0
P51572	0	0	0	0	0	0	0	0	0	0
P51610	0	965	498.58	0	606.58	398.68	0	533.21	0	20941
P51659	0	0	0	0	0	0	0	0	0	0
P51665	2072.7	2194.2	3573.9	2024.3	2280.8	1743.5	1413.5	3164.7	0	83120
P51858	4113.7	3987.5	3098	1899.1	3094.2	2642.7	3173.5	6756.2	0	220430
P51991	11018	13015	9258.9	7432.9	12208	10831	13780	27224	545.22	983060
P52209	4258.6	4136.8	5099.9	4632	5929.8	5279.1	4200.5	8310.5	0	322630
P52272	9719.7	10757	6577.9	6172.2	8727.1	7498.6	9958.1	15515	0	575020
P52434	2119.9	584.26	357.49	274.53	922.01	499.19	384.18	859.44	0	17539
P52565	5027.5	7969.4	3010.8	3056	4310.7	3381.2	1885.3	4539.2	0	120540
P52566	4298.5	4228.3	6868.2	3938.6	7463.7	6360.6	4768.1	5867.2	455.04	225880
P52597	7279.2	5773.8	4520.2	5121.7	5478.6	5204.3	5552.3	8952.9	0	331260
P52789	0	0	0	0	0	0	0	0	0	0
P52907	0	0	0	0	0	0	0	0	0	0
P52926	0	0	0	0	0	0	0	0	0	0
P53367	522.36	663.31	521.12	363.37	0	556.99	958.31	1766.9	0	55470
P53597	1677.7	1572.1	776.36	628.47	2340.3	824.67	2096.6	4843	0	158130
P53618	1532.3	2400.6	1589.7	2083.4	2320.9	1159.5	1338.2	1592.9	0	66801
P53621	2724	2067.7	2382.2	1654.3	3064.7	3382.9	1745.7	4182.8	0	119110
P53680	1937.8	2685.4	2184.7	1939.7	3252.2	2205.9	1813.5	2832.7	0	79390
P53999	0	0	0	0	0	0	0	0	0	0
P54136	3031.6	5201.3	2620.4	2594.5	6535.5	2891.8	2749.9	5221.8	0	165340
P54577	2222.1	2313.5	2278.6	1176.4	3380.9	1719.3	1836.9	4463.1	0	119750
P54578	1044	1585.4	1390.9	921	1982.2	934.63	1437.2	1065.8	0	26066
P54727;P54725	4050	4909.6	1985.2	3968.9	2752.2	3035.4	3795.1	7089.4	0	271200
P54819	316.19	400.07	639.18	382.74	824.75	620.71	550.4	1355.3	0	41616
P54886	2948.1	2237.9	2422	2306.2	3483.4	1804.7	2066.4	6967.9	0	203020
P54920	1219.3	1615.1	0	726.62	333.63	858.43	757.77	2514	0	66192
P55036	664.88	440.07	0	400.08	322.31	265.79	638.83	669.62	0	26733
P55060	3849.7	13332	3593.2	3718.9	3937.2	3170.4	2206.2	4116.4	0	134760
P55061	1299.4	989.01	970.21	782.36	2071.4	1285.3	1312	3275.1	0	83478
P55072	26501	30974	23792	17831	41342	25951	29594	54034	1008.2	1905000
P55084	443.9	1693.1	1031.6	1495.6	3252.7	861.37	1956.8	4107	0	97634
P55145	772.11	1042.1	846.13	410.36	534.68	1042.6	2182.7	3770.3	0	171970
P55209;Q99733	3447.2	3798.7	4739.1	2838	3583.6	2610.2	3077.1	5100.5	0	159940
P55327	0	0	0	0	0	0	0	0	0	0
P55735	688.19	458.45	316.54	0	0	293.92	985.3	1047.4	0	45865
P55769	3984.8	5498.9	4398.8	3778	7110.6	4318.6	2848.5	7431.2	0	224240
P55795	0	0	0	0	0	0	0	0	0	0
P55809	2606	2434	1381.1	2083.2	2850.8	2599.9	4403.3	7744.1	0	289920
P55884	2759.5	3442.3	2316.7	2130	3223.3	2237.5	2469.7	5101.3	0	152770
P56192	0	0	0	0	0	0	0	0	0	0
P56211	0	0	0	0	0	0	0	0	0	7713.6
Q5VTU8;P56381	0	0	0	0	0	0	0	0	0	0
P56537	0	0	0	0	0	0	0	0	0	0
P56556	0	0	0	0	0	0	0	0	0	0
P59998	5676.3	12889	4463.9	4159.5	7321.4	4646.9	3977.9	7777.6	0	273480
P60174	16016	25134	8254.5	10278	18305	13921	14797	32632	352.25	1040100
P60228	2675	6779.7	2266.7	4860.6	6564.9	3057.1	3307.8	5268.4	0	194340
P60468	846.75	960.95	0	416.2	647.5	736.26	1088.2	3313.5	0	92480
P60510	0	0	0	0	0	0	0	0	0	0
P60660;P14649	17170	22200	6634.1	5602.8	12647	14260	9722.1	20121	0	655420
P60709;Q6S8J3;Q562R1;A5A3E0;P0CG38;P0CG39;Q9BYX7	251710	341450	107040	122480	147210	172900	186710	281920	5452.2	12809000
P60842	17149	21756	11262	11720	19799	14940	11961	22335	0	808550
P60866	0	564.96	747.98	465.96	0	449.78	423.39	1209.4	0	36058
P60900	5185.7	4922.4	5634.2	4843	5833.1	4174.2	5656.5	13013	0	382090
P60903	867.55	851.46	717.93	862.36	2036.9	2344.3	3391.9	6352.9	0	229090
P60953;P17081;Q9H4E5	6174.9	5756.6	5085.9	4095.8	5733.2	6161.9	5983.5	10675	0	338300
P60981	2648.5	3247.1	1792.2	5367.6	2033.6	2105.7	2351.3	3024.4	0	104170
P61009	0	0	0	0	0	0	0	0	0	0
P61011	2895.4	2813.6	1258.5	1293.1	2210.3	2134	3126	5018	0	159140
P61019;Q8WUD1	2694	2612.2	481.55	1435	1865.3	1779.6	2409.2	5136.7	0	162680
P61026	0	0	0	0	0	0	0	0	0	0
P61081	0	0	0	0	0	0	0	0	0	0
P61086	0	611.97	0	0	0	0	286.48	327.72	0	15676
P61088;Q5JXB2	2008.7	2444.2	939.46	907.02	2592.4	2593.9	753.73	1245.4	0	69185
P61106	4918.9	4934.2	3734.3	3579.3	6785.1	5859.6	2587.8	8348.4	513.84	236640
P61158;Q9P1U1	4481	4459.5	2001.5	3061.5	2817.3	2689.6	5360.1	7931.7	0	273360
P61160	2804.9	2621.8	1768	1830.5	2460.3	3249.9	2896.8	5244.9	303.83	132630
P61163;P42025	217.52	348.06	198.06	0	670.67	251.31	0	190.12	0	6538.2
P61201	0	0	0	0	0	0	0	0	0	0
P61204;P84077;P84085	5498.2	5613.2	3289.9	3028.2	4048.1	3157.8	3529.6	6136.4	0	194610
P61221	359.61	667.74	324.7	0	581.19	423.83	299.38	857.45	0	19479
P61224;P62834;A6NIZ1	2853.9	2777.3	2359.8	1638.6	4713.1	2463	4228.1	7770.3	0	266720
P61247	26534	30219	14488	15191	28027	29100	22915	33302	411.28	1280400
P61254;Q9UNX3;Q2PPJ7	5982	49131	16981	6084.9	18491	5276.6	6507.2	7098.1	0	222970
P61289	0	0	0	0	0	0	0	0	0	0
P61313	11371	15216	8893.2	8295.2	11430	11156	12668	20499	601.7	666660
P61326;Q96A72	455.43	0	0	0	454.71	278.96	978.31	1752.8	0	54591
P61353	9019.5	10466	6160.3	5818.7	9372.4	7928	7344.7	15239	0	470430
P61421	2422.5	2410.7	2295.2	2535.1	3400.5	1689	3891.7	7078.1	0	206260
P61513;A6NKH3;P17405	5990.8	5738.8	3674.7	5258.1	5831.3	5627.3	7329.2	14773	0	453900
P61604	13683	15402	7360.4	6515.7	12667	10491	9295.3	12357	0	542800
P61619;Q9H9S3	5266.3	4687.7	3956.2	3225	3661.2	3254.4	5504.6	6561.8	481.79	249180
P61626	12515	20301	19468	17628	16888	29081	4031.8	481.12	0	3335.3
P61803	0	0	0	0	0	0	0	0	0	0
P61916	3358.8	2839.6	3485.1	1285.2	1794.8	1956.8	4445.6	4680.4	565.35	149660
P61956;Q6EEV6;P55854	1889.5	2132.9	1019.7	812.12	1972.1	1577.8	1662.9	4216.7	0	119450
P61978	18723	19135	17062	11082	22622	16470	14931	27799	841.39	1035100
P61981	4711.1	6613.8	4032.5	4869.7	5083.4	3998.1	4112.8	8223.1	0	282350
P62081	17847	17018	9665.1	9255.4	14105	13002	11355	19038	0	663490
P62136	8679.9	10835	9670.5	6855.2	10142	11476	6786.9	12023	0	308900
P62191	1313.4	3226.4	3447.5	1315	3770.8	1413.1	1203	1484.4	0	57575
P62195;Q8NB90	1296.3	991.13	1108.7	1286.5	1909.3	1602.7	651.86	2575.4	0	68490
P62241	15601	13919	9654.2	8795.5	10558	12395	13739	29937	0	964000
P62244	2387.7	2228.5	1494.9	1770.1	3043.3	2409.5	2672.5	4606.8	0	137040
P62249	2574.4	1976.7	1808.2	1474.2	2354.2	3121.6	1714.7	5306.9	0	142700
P62258	32894	37201	16595	15675	27193	28947	30702	44964	0	1750500
P62263	5133.7	7185.2	3770.5	4057.7	5057	6512.8	4669.7	8901.6	0	316680
P62266	11156	17654	10393	32075	16488	9666.1	8822.8	10266	0	361630
P62269	13457	43837	11230	15093	12031	11739	9240.1	16714	0	571740
P62273	0	0	0	0	0	0	0	0	0	0
P62277	15065	13883	14424	9086.6	14688	14663	13564	21487	0	684490
P62280	16213	16362	9737.5	10163	12745	13418	13535	26073	584.86	915880
P62304	0	0	0	0	0	0	0	0	0	0
P62314	757.44	1532.9	1873.5	1360.2	2054.8	747.79	978.75	2165.5	0	58851
P62316	946.3	1162.2	503.14	308.83	877.12	1201	867.3	2691.1	0	74356
P62318	1245.5	1335	1078.6	590.17	1291.2	1126.4	1610.2	2989.1	0	122020
P62328	4618.3	7286.1	4216.8	4652.1	1962.4	2003	1841.9	4167.4	0	140450
P62333	697.55	962.79	653.07	2112.7	922.32	0	748.68	1852.2	0	53431
P62424	20238	23338	14097	14716	24625	21918	19500	27769	765.87	960320
P62495	625.39	966.85	409.94	373.54	759.04	0	319.4	533.72	0	20871
P62633	4132.9	3710.3	3401.4	2965.8	5299	4376.6	3043.7	6307.1	0	228440
P62701;P22090;Q8TD47	20173	24910	15542	12709	15483	20032	15676	28839	658.54	1049600
P67775;P62714	1726.8	1864.2	932.73	981.56	2219.4	2246.2	2028	4035.9	0	163250
P62736;P63267	3619.5	3768.2	4949.1	3920.6	3595.3	2099	2033.1	1358.8	327.52	54078
P62750	5361.7	7189.5	3386.1	2514.6	4325.2	3760.1	4906.9	11935	0	355920
P62753	11731	17966	12328	6901.6	12639	11430	5774.3	7986.2	0	248270
P62805	72530	72516	51630	43745	95613	98098	25559	34897	458.26	1247900
P62820;Q9H0U4;Q92928;Q92930;P61006;P51153;P59190	15178	15869	9209.4	7522.6	21973	12513	10774	19871	356.26	780130
P62826	15331	23564	12639	9058.2	16052	14144	11329	20429	0	602350
P62829	7299.7	6706.4	4610.1	3967.1	3955.7	5586.5	5688	11595	410.86	423770
P62841	5567.3	8360.7	10759	5158.4	9805.9	4833	3594.3	4551.4	0	153270
P62847	38318	47668	19021	16826	33540	37212	6469.2	6916.3	0	201680
P62851	10488	12446	5676	6373.2	7377.6	8901.6	9724.7	19237	570.24	712040
P62854;Q5JNZ5	6213.2	6988.2	3859.1	3846.2	5626.7	4012.4	4758.2	7100.9	0	246100
P62857	10458	11804	9277.7	7760.9	7885.5	8521.4	9479.7	13818	0	484530
P62861	8440	9415	6096.7	5960	6228.3	6805.1	9218	17890	1041.1	608830
P62873;P16520	2024.9	1710.4	2141.1	1532.1	4908.8	1029.8	3294.1	5075.7	0	213380
P62877	0	0	0	0	0	0	0	0	0	0
P62879;Q9HAV0	10153	9221.1	8511.8	5860.4	9292.3	8965.3	10124	17790	0	563000
P62888	3780.9	4578.3	2867.9	2344.9	3614.1	2552.3	2667.3	5739.3	0	163650
Q59GN2;P62891	1302.7	864.71	848.55	510.07	1398.4	822.09	754.37	1759.9	0	42595
P62899	12406	17610	10134	10954	28553	11730	13191	26335	862.7	900290
P62906	10890	12966	12163	6583.1	13130	8876.7	9685	17411	955.05	540610
P62910	11709	12802	9033.6	8929.2	12820	9165.5	16593	31021	1164.7	965880
P62913	8788.6	11316	6555.8	6849.9	11364	9770.2	8202.9	17471	0	501250
P62917	18387	23099	20399	17754	32535	22351	22701	25162	1227.1	781520
P62937;P0DN26;A0A0B4J2A2;A0A075B767;A0A075B759;Q9Y536;F5H284;P0DN37;O43447	63493	91684	36904	44575	53941	58861	66437	96523	3526.8	3511100
P62942	720.24	0	305.92	292.48	0	0	417.13	344.51	0	16337
P62993	377.41	1089.2	0	0	942.11	343.57	510.9	946.59	0	54719
P63010;Q10567	4904.9	5818.6	4779.1	4320.9	8310.3	4753.3	3824.2	6642.1	0	269740
Q15836;P63027	420.13	347.7	507.04	0	601.1	645.47	0	1960.3	0	48053
P63092;Q5JWF2;P11488;P19087;A8MTJ3;P38405	2036.8	2086.9	1723.1	1277.3	1339.7	1737.6	1392.5	2732.3	0	91532
P63098	0	365.9	325.48	0	385.78	275.89	487.47	853.33	0	24069
P63104;REV__P53355	37744	47504	31923	24152	36124	39885	23371	32106	378.06	969410
P63167	5407.6	4846.5	5688.7	6154.4	4232.5	3158.3	5959	8300.3	641.95	281540
P63173	3455.8	5391.1	4328.5	2752.2	3638.8	3144.7	5210.8	7623.1	0	337230
P63208	843.08	804.82	0	510.24	1164.5	345.75	726.29	2365	0	92257
P63218	1235.8	1605.6	718.54	894.47	1423.9	1193.1	1311.4	3765.7	0	92423
P63220	0	0	0	0	0	0	0	0	0	4116.6
P63241;Q6IS14;Q9GZV4	8488.6	11778	6507.6	5641.9	7234.6	8707.3	10612	17933	0	710500
P63244	30031	33053	17633	20100	23677	24694	30809	59231	0	1995000
P63252	0	0	0	0	0	0	0	0	0	0
P63261	0	0	0	0	344.29	0	328.22	0	0	12236
P63279	1985.7	2232.6	1984.5	379.71	1962.3	1850.7	2982.6	5076.5	0	156510
P67809;Q9Y2T7;P16989	7400.6	9262.2	4240.5	6521.4	13005	6879.1	6366.9	11101	0	427840
P67870	1811.3	1511.3	2203.6	1531.6	2762.7	1929.2	1386.7	2534.1	0	92623
P67936;Q2TAC2	11095	13162	4813	3833.5	5246.2	8880.9	5353	6893.7	0	259840
P68032;P68133	5486.5	8081.5	2618.9	3066.9	4321.7	4981.7	6627.7	20305	0	624050
P68036	1403.1	2027.6	874.23	1033.1	1739.1	1767.4	1047.7	2313.9	0	77124
P68104;Q5VTE0;Q05639	148550	181300	85702	82101	109360	153320	83839	125700	4163.3	3941300
P68363;P68366	5071	4870.2	2592.8	1514.7	2798	2783.3	3607.3	11625	0	290380
P68371;P04350	1790.6	3818	1530.9	2869.9	7527	2508.9	2686.5	6342.2	414.9	144790
Q8NEV1;P68400	0	0	0	0	0	0	0	0	0	0
P68402	0	0	0	0	0	0	0	0	0	0
Q71DI3;Q16695;P84243;P68431;Q6NXT2;P0DPK2;P0DPK5	188200	166310	112560	103770	210590	237570	60179	88095	3144.8	3329700
P78344	0	0	0	0	0	0	298.9	429.62	0	18351
P78371	8901	10072	6179.1	5725.8	9329	9185.8	6116.4	16349	479.81	491030
P81605	12561	3868.6	4164.7	2924	2539.9	2261.9	2605.6	630.81	284.37	24163
P82979	1380.9	840.27	1466	1137.3	2864.6	1494.3	1919.7	2082.7	0	86174
P83731	9955.9	11706	7395.6	6106.3	8452.1	8048.6	7042.9	10603	402.98	415780
P83881;Q969Q0	1098.8	1762	1366.6	1110.9	2539.6	1546.2	2954.9	5162.8	0	151610
P84074	0	0	0	0	0	0	0	0	0	0
P84090	1398.5	2765.2	2521.4	1361.6	2398.9	2145.2	1946.4	4500.2	0	140330
P84095	790.82	1042.1	354.36	0	444.59	467.08	1015	2907	0	90884
P84098	3499.2	3186.4	1059.9	2120.3	2770.3	2176.9	2484.5	2518.5	0	117900
P84103	7991.4	9141.6	6118	5719	8079.1	5980.8	7342.1	10488	0	341300
P98095	1234.7	996.21	1160.6	292.23	576.35	0	3353.3	5373.4	0	199800
P98160	1251.3	1669.7	841.06	538.73	1682	960.37	2316.7	4405.8	0	145080
P98179	0	0	0	0	0	0	0	0	0	0
Q00325	14436	11484	5359.5	5470.4	8908	8628.3	12396	20762	457.79	780200
Q00341	11054	11011	6439	4805.1	8671	8176.1	8151.9	14600	0	450760
Q00526;P06493;P24941	1154.3	720.86	0	0	517.64	392.24	838.72	1959.6	0	63318
Q00610;P53675	55331	56280	35404	28135	39353	29653	30748	61117	0	1897400
Q00839	16423	13631	10574	9386.9	14779	12753	18529	31728	0	1182500
Q01082;P11277;O15020	16215	20116	16956	10993	21427	14487	14501	21574	370.34	699340
Q01105;P0DME0	19779	20198	15033	11639	15321	16291	14997	26311	602.91	819990
Q01130;Q9BRL6	18385	20294	15567	13802	19558	18491	9318.9	12678	527.97	336100
Q01518;P40123	4541.9	5661	3875.8	3558.4	6369.1	6142.2	7106.4	14637	309.54	414700
Q01813	553.17	754.92	698.24	665.31	902.2	781.32	478.22	708.99	0	25015
Q01844	2255.8	2801	1947.6	620.14	1775.5	1499.7	2412	4737.1	0	161070
Q02218;Q9ULD0	682.42	970.92	0	389.78	1008.1	0	1157.3	3451.4	0	91710
Q02413	0	0	0	0	0	0	0	0	0	0
Q02543	14230	21026	13293	19607	15885	14649	11156	18690	0	522970
Q02790	1754.3	2095.3	2140.7	1680.1	2246.1	2025	2007.2	4406.5	0	122560
Q02809	0	0	0	0	0	0	0	0	0	0
Q02818	421.41	1016.1	0	740.34	1182.4	0	585.33	1246.8	0	37053
Q02878;REV__O75323	19001	23782	12935	13439	20036	20704	12597	27247	0	861250
Q02978	3621.3	4010.3	2079.9	1379.6	2098.2	1717.1	1959	4163.3	0	130320
Q03135;P56539	9303.6	11509	4988.9	3667.1	7043	5081.9	7079.6	16319	606	456200
Q04637	1549.9	1573	777.17	531.62	1518.5	1395.2	328.25	894.19	0	32815
Q04760	1840.1	1859.4	1069.4	948.22	2785.4	1648.9	1546.8	2772.8	0	100120
Q04837	1116.3	934.81	1298.1	824.43	1258	375.74	1093.1	1782.5	0	52656
Q04917	1773.7	3129	1299.7	1919.9	1618.7	1969.9	1643	4647.9	0	158820
Q05519	0	972.06	0	413.22	333.8	709.3	0	608.34	0	11083
Q05682	3417.7	5043.4	682.16	1553.3	1799.8	1156.6	3792.7	5786.3	0	230930
Q06323	4298	3785.2	2893.8	3014.6	6486.2	5397.3	5433.9	9360.8	0	277090
Q06330	0	0	0	0	0	0	0	0	0	0
Q06830	17431	20009	11482	11354	15507	17555	21513	38004	344.27	1275600
Q07020	4291.1	5169	4456.2	3887.4	4325.7	5811.3	5434	10346	0	293530
Q07065	10929	22539	13633	16320	14755	12190	17308	8839.9	0	326720
Q07666	1815.5	2957.1	1055.7	2456.7	3082.8	1862.6	1584.3	4409.5	0	123500
Q07954;O75581;O75197	1759.2	2385.5	1243.6	916.41	2400.5	1783.2	1128.1	4188	0	116510
Q07955	7952.7	11678	6714	5911.8	13021	10319	12409	22184	0	776140
Q07960	1542.8	1093.5	0	455.8	700.77	565.17	504.78	1533	0	42957
Q08211	8415.9	9046.7	9078.5	6787.6	10522	7589.6	8825.5	14957	0	524850
Q08752	3817.1	4519.3	3153.6	4384.3	12897	6365.9	7288.5	12692	0	388940
Q08945	2859.1	2992.8	2347.1	2931	3174.1	3319.1	2799.5	6041.4	0	170340
Q09028	6188.4	6034.9	4280.5	2786.1	5797.7	6510.8	7130	11684	0	436260
Q09666	40969	52416	36354	19245	32883	25802	45861	88593	590.69	2915400
Q10713	807.19	775.9	1660.8	1020.1	986.8	711.56	454.3	741.33	0	23239
Q12792;Q6IBS0	2516.6	1973.4	1903.3	1212.1	2210.5	1075.7	1477.9	3077.1	0	86294
Q12874	0	0	0	0	0	0	317.14	0	0	9775.5
Q12904	0	0	0	0	0	0	0	0	0	0
Q12905	1131.4	1952.3	779.42	412	802.14	1307.2	953.76	1328.2	0	52638
Q12906	1772	2013.1	2176.4	1757	2402.6	2505.9	2135.2	3660.4	0	95437
Q12907	1518.1	871.09	353.69	896.93	2063.6	0	1745.4	2698.7	0	118150
Q12931	2393.3	1627.9	2443.3	1331.9	5380.8	1890	2492.6	4269.5	0	131680
Q13045	595.92	586.15	394.81	435.89	551.2	306.4	304.29	821.94	0	23942
Q13098	401.98	328.58	469.12	0	602.11	0	0	695.11	0	21205
Q13126	343.91	479.57	581.01	323.47	431.85	371.32	429.27	1583.2	0	51781
Q13148	2924.4	3613.6	2352.6	2056	4356.2	1363.4	2097	6372.9	0	209490
Q13151	16167	17363	13051	9082.2	18180	14964	22881	32381	329.26	1488500
Q13155	0	0	0	0	0	0	0	0	0	0
Q13162	5214.7	4104.2	4176.7	2210.7	3795.8	3559.5	3226.7	8090.5	0	272870
Q13185	3159.6	2661.6	1042.3	1415.5	2660.2	3793.3	3290.6	5616.1	0	243430
Q13200	5329.3	4378.4	4166.3	2755.1	4713.8	5053.4	3834.3	9104.7	0	281990
Q13217	957.32	849.35	435.01	460.02	1017.8	0	737.25	2018.9	0	48756
Q13242	0	0	0	0	0	0	0	0	0	0
Q13243	0	275.69	0	0	415.83	0	0	0	0	15726
Q13247;Q08170	10345	8763.4	7697.7	8136	10773	9181.4	6026.8	3632.3	0	123650
Q13257	0	0	0	0	0	0	0	0	0	0
Q13263	2523.1	4732	3531.8	2930.3	4045.7	3885.4	3384.3	6615.5	0	203620
Q13283	1217.3	1375.7	1116.2	940.47	1771	1509.7	1483.8	2515	0	77651
Q13308	0	642.23	0	321.61	329.76	0	358.26	410.79	0	10795
Q13310	1795.2	2405	928.19	1353.6	1628.1	963.9	1087.5	2310.6	0	107600
Q13347	4398.3	5520.2	4269.8	2355	7040.8	7789	4878.1	7251	0	246520
Q13423	0	0	0	0	0	0	0	0	0	0
Q13435	545.8	667.91	646.7	314.52	508.32	724.68	433.69	0	0	10515
Q13492	0	0	0	0	0	0	0	0	0	0
Q13501	0	319.55	0	0	309.94	311.17	0	1467	0	37734
Q13509	1915.3	2793.8	1413.7	1392.9	2022.2	3763	1301.5	3793.7	0	90862
Q13547;Q92769	0	0	0	0	0	0	0	0	0	0
Q13576	0	0	0	0	0	0	0	0	0	0
Q13740	0	0	0	0	0	0	0	0	0	0
Q13813	21312	24955	14108	11212	19714	17383	21334	33765	0	1191500
Q13838	17630	21069	14763	14035	22004	22628	21113	38727	1032.8	1253100
Q13885	366.3	931.85	0	822.54	426.7	1285.7	716.03	1099.9	0	35043
Q14019	837.49	1281.9	806.05	1022.9	1047.8	928.9	1148.9	2007.6	0	70027
Q14103	20119	16288	14006	10471	19095	15218	20310	34129	0	1145900
Q14152	4926.8	10734	6576	7128.6	12167	6331.3	4445.6	14190	0	293030
Q14157	1007.8	1501.9	1496.7	1571.3	2306.7	2830	1874.3	3810.7	0	97567
Q14166	0	0	0	0	0	0	0	0	0	0
Q14203	540.25	290.58	0	0	286.8	523.88	298.15	1339.4	0	30434
Q14204	4975.5	5346.8	6101.2	3654.8	5416.5	3752.7	3414	6652.1	0	185230
Q14240	0	0	0	0	0	0	0	0	0	0
Q14247	0	0	0	0	0	0	0	0	0	0
Q14257	0	0	0	0	0	0	0	0	0	0
Q14315	6644.3	7607.8	3395.4	2843.4	6296.9	2135.1	8039.4	10950	0	420340
Q14444	3878.1	4587.3	3139.3	1987	4686.9	3047.6	3607.8	5356.1	0	208900
Q14498	2022	2432.7	3064	1706.4	2802.9	2461.6	1440.3	1829.3	0	80288
Q14566	3133	3671.3	1636.7	2137.5	3949.1	3159.6	2327.9	4336.3	0	134040
Q14573;Q14643	0	0	296.19	0	333.77	0	326.68	1150.9	0	28808
Q14696	840.8	768.38	286.56	0	0	414.72	824.99	2095.7	0	72959
Q14697	9659.2	8003.8	4974.1	3011	7506.8	7788.6	5480.7	16126	506.54	414490
Q14764	2169.3	2204.1	1199.6	867.32	4368	2164.4	3682.4	6284.6	0	195510
Q14839;Q8TDI0	422.29	665.13	301.77	0	807.36	560.83	292.72	967.96	0	18700
Q14847	3103.3	2430.8	1988.6	996.69	2586.9	2569.5	1409.2	3491.2	0	88370
Q14934	0	0	0	0	0	0	0	0	0	0
Q14974	7896.5	10723	7891.9	6027	25530	8728	8021	10965	0	348390
Q14978	0	0	0	0	0	0	0	0	0	0
Q14980	416.83	945.23	0	0	1209.3	613.69	524.01	1121.2	0	24154
Q15006	0	0	0	0	0	0	0	0	0	0
Q15008	1210.4	1047.7	1321.3	1189.8	1633.3	1587.6	1206.6	1693.1	0	64411
Q15019	866.94	2204.3	1221.4	695.88	804.35	665.98	519.83	579.22	0	41450
Q15029	961.5	479.97	403.27	596.74	364.13	912.18	415.57	713.98	0	23850
Q15046	551.29	830.77	503.67	598.12	532.06	590.87	1239.1	2035.7	0	65077
Q15056	851.25	1250.2	442.58	386.09	1078.5	1192.1	878.4	1844.4	0	66674
Q15084	15360	13372	9793.4	7113.8	38489	16649	23392	21182	0	813150
Q15121	0	0	0	0	0	0	0	0	0	0
Q15149;P58107	61386	70207	51282	34508	60533	48842	47600	88736	1135.7	2884400
Q15181	0	0	0	0	0	0	0	0	0	0
Q15185	3373.3	3880.2	2975.2	2583.3	3821.7	2851.2	6787.2	12075	0	385640
Q15233	6785.4	7502.4	4463.6	4903.2	8358.6	8444.5	5026	10934	0	344470
Q15286	759.79	531.92	334.73	0	489.59	545.9	659.52	689.61	0	27037
Q15287	0	0	0	0	0	0	0	0	0	0
Q15365;P57723	7033.7	6492.5	5826.3	4126.9	7126.2	4536.9	5631.3	12607	0	364920
Q15366;P57721	7829.6	6749.9	3749.1	2889.9	5972.2	6592.7	7235.7	17231	361.37	488300
Q15369	0	0	0	0	0	0	0	0	0	0
Q15370	0	0	0	0	0	0	0	0	0	0
Q15388	555.85	497.36	317.33	0	387.78	647.36	460.61	754.81	0	40224
Q15393	4079.6	5185.5	4563.5	4677	13001	4605.2	4671.3	10461	0	273480
Q15424	0	0	0	0	0	0	0	0	0	0
Q15427	0	1102.1	404.46	355.69	907.19	347.52	401.37	302.98	0	25654
Q15437	0	0	0	0	0	0	0	0	0	0
Q15637	2103.6	1532	837.77	967.53	1173.2	1614.5	1878.9	3945.1	0	120020
Q15691	382.74	752.37	423.13	0	393.97	325.04	779.99	1383.1	0	43510
Q15717	3238	3239.4	2464.5	1621	3536.8	2103.9	3450.9	5943.7	0	216820
Q15819	0	0	0	0	0	0	0	0	0	0
Q15907;P62491;P57735	8777.7	11677	9264.2	7428	21251	10987	8015	15284	346.14	526270
Q16181;Q6ZU15	2983.5	5845.5	2482.4	2470.3	5740.3	4514.3	3906.5	6962.6	0	162760
Q16186	3437.8	4116.4	5440	2837.4	5106.1	4665.2	2617.1	1696.4	0	31391
Q16531	2946	6170	2953.8	2003.5	2637.9	2321.7	2742.8	4586.2	0	189250
Q16543	930.05	1953.2	1258.4	712.35	1320.8	784.83	326.8	691.7	0	37669
Q16555	0	0	0	0	0	0	0	0	0	0
Q16576	1337.5	1495.7	1389.3	1186.1	1643.1	934.38	1323.9	1846.3	0	46425
Q16595	0	0	1161.6	1181.5	1730.6	2374.5	519.54	859.04	0	13434
Q16629	1995.8	2345.4	1364	1348.1	1877.2	2076.2	2684.3	4886.1	0	200030
Q16643	5001.8	5184.2	3904.8	2808.9	4676.6	4139.2	1664.8	3052.2	0	40550
Q16647	702.21	1098.6	2225.5	1013.5	2244.7	1506.5	662.81	1203.1	0	24325
Q16658	33600	31135	8052.5	11268	22627	20746	16286	24005	488.27	803970
Q16678	0	0	0	0	0	0	0	0	0	0
Q16698	378.79	520.64	399.1	739.53	318.65	283.87	0	770.95	0	16193
Q16799	487	597.94	283.95	350.1	699.45	853.82	1144.8	2959.8	0	83957
Q16822	871.31	1345.6	681.96	985.22	857.82	868.96	897.9	1579.1	0	52077
Q16851	0	0	0	0	833.11	381.19	482.61	404.16	0	21654
Q16864	0	0	0	0	0	0	0	0	0	0
Q16881	0	0	0	0	0	0	0	0	0	0
Q16891	2186.5	1789.6	1085.6	735.46	1577.5	1336	1496.7	3037.7	0	128890
Q1KMD3	4227	3609.8	2391.4	2561.1	3930.8	4356.5	4900.6	11012	345.45	316840
Q32P28	0	0	0	0	0	0	0	0	0	0
Q3MHD2	788.83	1067.8	885.97	878.15	1107.1	360.69	716.2	1944.8	0	41205
Q3SY69;O75891	2910.8	2397.8	1110.9	1109.8	2116.7	1612.8	2371.4	4623.5	0	179560
Q3ZCM7	0	0	0	0	0	0	0	0	0	0
Q4VC31	0	0	0	0	0	0	0	0	0	0
Q53LP3	5690.8	5611.3	2885.5	2673.7	6544.8	4460.6	8660.9	12777	370.14	600560
Q58FF6	3586.4	2812	2224.1	3163	2539.3	2119.8	8872.5	18433	438.42	562260
Q58FF8	6599.7	4039.2	1589.6	2009.7	2205.2	2436.8	1255.1	5440.8	0	148490
Q5JRX3	0	0	0	0	0	0	0	0	0	0
Q5M9N0	0	0	0	0	0	0	0	0	0	0
Q5SSJ5	0	0	0	0	0	0	0	0	0	0
Q5T749	0	0	0	0	0	0	0	0	0	0
Q5T750	0	0	0	0	0	0	0	0	0	0
Q5VVW2	521.46	419.7	523.36	1040.4	11144	72972	0	5296.5	457.22	110540
Q9NR56;Q5VZF2;Q9NUK0	0	0	0	0	0	0	0	0	0	0
Q63HR2;Q68CZ2;Q9HBL0	0	0	0	0	0	0	0	0	0	0
Q6DD88	0	0	0	0	0	0	0	0	0	0
Q6FI13;Q99878;Q96KK5;Q16777;Q93077;P0C0S8;Q9BTM1;Q7L7L0;P20671;P04908;REV__Q8NB25	205630	232030	141370	126320	274960	313500	26604	41522	1955.6	1509200
Q6NZI2	4432.9	4767.3	5336.6	2578.7	4398	3736	3794.6	7509.8	0	206790
Q6P1K1	0	0	0	0	0	0	0	0	0	0
Q6P2Q9	1682.6	1854.1	1601.3	1073.3	2631.7	1318.9	1159.8	2548.8	0	93592
Q6P5R6	0	0	0	0	0	0	0	0	0	0
Q6PIU2	0	0	0	0	0	0	0	0	0	0
Q6UB35	309.8	343.67	0	0	494.27	338.22	402.97	556.63	0	19348
Q6UXH1	0	0	0	0	0	0	0	836.47	0	21553
Q6WKZ4	4656.8	4363.9	3416.2	2949.3	3529.5	3519.9	8800	13146	587.54	639520
Q70E73	0	0	0	0	0	0	0	0	0	0
Q71U36;Q9BQE3;P0DPH8;P0DPH7;Q6PEY2;Q9NY65;A6NHL2	46442	65943	21341	19113	38007	52641	33369	56632	721.15	1965400
Q71UM5	0	410.99	428.3	818.5	433.09	506.7	1087.3	2942.6	0	60984
Q7KZF4	10326	10410	6910.1	5910	9119.3	6593.1	8644.7	15225	0	477890
Q7L2H7	917.6	834.12	544.79	828.91	546.41	372	0	650.1	0	18555
Q7L576;Q96F07	2750.6	3476	3059.1	1756.9	2508.2	2191.6	6091.2	9066.9	0	480150
Q7RTV0	0	0	0	0	0	0	0	0	0	0
Q7Z406	3442.5	4427	1935.5	819.19	2546	2781.7	1921.9	4647.3	0	123320
Q7Z5H4	2060.4	909.28	589.07	768.7	6745	4337	11977	21597	680.15	955710
Q86SX6	0	0	0	0	0	0	0	0	0	0
Q86U42	0	0	0	0	0	0	0	0	0	0
Q86UP2	1725.4	941.27	1518	679.24	1553.5	1072.5	1170.7	2100.3	0	69755
Q86V81	2474.9	1757.2	2258.4	1418.7	1538.4	1511.4	1757.5	4037.5	0	116860
Q86VP6;O75155	538.25	403.97	547.9	0	966.75	507.29	0	884.42	0	28352
Q86Y82	0	0	0	0	0	0	0	0	0	0
Q8IXB1	0	0	0	0	0	0	0	0	0	0
Q8IYT4	523.63	679.83	402.37	659.04	263.79	0	1117	2348.4	0	60462
Q8IZP0;Q9NYB9	0	0	0	0	0	0	0	0	0	0
Q8N1F7	1030.9	849.86	607.11	604.59	748.37	0	577.65	1818.9	0	51112
Q8N5M9	1731	1661.6	1888.2	1249.2	2041.2	1756.7	545.89	713.03	0	15147
Q8NBS9	8371.2	3940.6	4013.2	2063.6	3260.4	1900.7	3511.1	8835.8	0	306270
Q8NBU5	337.85	316.84	0	0	528.02	0	0	1323.8	0	51409
Q8NC51	7466.1	9164.8	6392.7	4019.8	8129.5	6033.6	5555.5	10621	0	312640
Q8NCW5	302.22	0	279	0	0	401.87	0	0	0	7411.2
Q8NE01	2114.2	2167.3	995.09	1044.8	1447.8	2045	1733	2309.9	0	91114
Q8NEB9	0	0	0	0	0	0	0	0	0	0
Q8NI22	487.65	1043.1	554.83	453.23	764.25	575.15	823.61	1620.6	0	51486
Q92922;Q8TAQ2	0	296.16	0	0	1058.4	1214.3	408.22	0	0	17709
Q8TBQ9	0	0	0	0	0	0	0	0	0	0
Q8WUF5	0	0	0	0	0	0	0	0	0	0
Q8WUM4	0	0	0	0	0	0	0	0	0	0
Q8WVC6	2584.6	1412.2	2860.3	870.48	1022.4	780.17	532.01	896.91	0	27580
Q8WVJ2	815.78	1342.5	866.54	956.71	1137	789.47	1278.2	1055	0	34587
Q92499	1837.1	1330.8	998.7	629.31	1008.9	790.72	1386	2308.4	0	89003
Q92598	991.89	1136.5	1323.1	1735.9	2594.5	4185.6	1388.1	2512.2	261.72	90131
Q92621	344.61	424.24	364.55	0	399.99	659.74	0	556.9	0	18053
Q92688	3864.1	4165.3	3042	3112.9	4826.8	4310.4	4467.6	6467.8	0	200910
Q92734	721.6	712.48	660.5	294.34	0	717.1	697.2	1059.1	0	33290
Q92743	0	0	0	0	0	0	0	0	0	0
Q92841	4799.5	7261	4095	3926.4	8746.8	6571.1	6847.9	9810.8	0	342910
Q92896	1529.8	1803.3	2019.9	1214.8	2834.4	2340.3	2430.4	3993.9	0	157830
Q92900	274.69	612.31	474.1	0	0	0	265.89	366.36	0	9637.6
Q92945	8045	7464.5	7524.3	5149.1	8520.8	8202.8	8860.6	19554	0	578050
Q92973;O14787	3476	5038	3479.5	1999.6	4791.3	3873.9	3880.3	4803.6	0	225890
Q93045	998.51	953.42	682.43	821.84	1242.1	1354.8	743.55	1366.2	0	61910
Q93050	0	0	0	0	0	0	0	0	0	0
Q969H8	889.83	3873.3	1037.1	3011.2	3496.8	852.71	1480.2	2082.3	0	47470
Q969X5	519.65	528.8	528.03	690.59	642.02	295.06	348.78	1361.3	0	31681
Q96A26	12078	4545.6	46216	2934.3	1203	744.13	1127.1	1150.7	0	70570
Q96AE4	2037.6	1368.6	1122.4	936.81	2077.9	1799.1	1418.7	2666.4	0	89280
Q96AE7	0	0	0	0	0	0	0	0	0	0
Q96AG4	10289	8877	4645.1	2760.5	5015.9	5286.4	4353.9	8122.2	0	256630
Q96AY3	461.56	572.98	672.49	602.11	484.4	470	0	324.17	0	20968
Q96B26	0	0	0	0	0	0	0	0	0	0
Q96BM9;Q9NVJ2	0	495.19	414.5	421.84	361.04	0	0	0	0	3294.1
Q96C19	0	427.93	0	0	0	0	0	0	0	7244.3
Q96C86	309.82	360.51	0	0	511.41	388.06	370.7	702.29	0	23743
Q96CS3	0	0	0	0	0	0	0	0	0	0
Q96CW1	867.94	997.28	628.3	430.3	855.91	1181	767.44	1790.2	0	57955
Q96DI7	1042	2309.6	975.11	1125.7	2756.7	1298	1452	3127.5	0	66910
Q96EP5	414.99	1074.4	395.94	4578.6	3379.7	365.43	347.83	1059.4	0	38553
Q96EY1	0	0	0	0	0	0	0	0	0	0
Q96FJ2	2484.8	4665.7	3669	6094.4	12889	5337.4	3476	6403.8	0	204650
Q96FW1	1958.7	2034.8	2600.6	1815.7	3274.5	2666.8	756.52	1056.1	0	23591
Q96HC4	800.76	1377.8	2004.8	263.49	652.13	797.42	999.26	1651.9	0	64648
Q96HE7;Q86YB8	0	0	0	0	0	0	0	0	0	0
Q96I24	1291.6	1691.6	1481	1233.8	1558.5	1037.1	522.38	1560	0	31508
Q96I99	1309	2698.8	1834.6	1373.8	3166.6	920.03	1042.2	2695	0	77524
Q96IX5	1052.5	943.69	660.29	656.49	656.28	843.31	1218.8	2629.6	0	71710
Q96JB3	1608.3	1217.8	644.5	610.43	0	308.3	1132.2	2485.8	0	78966
Q96K17	0	0	0	0	0	0	0	0	0	0
Q96K80	3124.8	4728.3	2825.5	4853.3	4702.2	3812.9	6874.8	13639	470.03	359720
Q96M86	9120.9	27667	11870	20380	35954	12597	7841.3	3511.5	0	80380
Q96P70	735.2	1077.6	958.23	861.17	1122.2	1100.3	823.97	1846.5	0	66279
Q96PK6	1068	3011.2	1387.8	1678.3	16759	1899	2685.6	4299.5	0	134910
Q96PU5	0	0	0	0	0	0	0	0	0	0
Q96QD8	348.16	0	0	0	0	0	0	374.64	0	11791
Q96QK1	2199	2659.3	1588.5	1280.3	1783.3	2136.7	1909.1	3959.9	0	99072
Q96QV6;Q8IUE6;P16104	0	0	0	0	0	0	0	0	0	0
Q96S97	0	0	0	0	0	0	0	0	0	0
Q96TA1	1108	1794.2	526.59	555.7	1048.4	844.95	879.58	1399.3	0	44329
Q99439;Q15417	1738.6	2102.9	401.86	451.97	637.8	1419.5	866.97	3163.8	0	94587
Q99460	720.75	1003.9	1127.7	1229.3	1867.2	1001.9	1166.8	2227.1	0	80962
Q99497	1766.8	4192.7	2324.4	3920.6	3598.7	1661.4	2378.5	4669.5	0	178750
Q99536	2083.7	3094.5	936.03	2099.1	2834.3	1648	2546.4	4483.2	0	180580
Q99623	11725	11975	7276.1	7036.4	11275	10477	7625.9	14793	0	464510
Q99700	0	404.11	0	0	0	0	0	349.67	0	8057.8
Q99715	855.11	414.01	0	345.46	649.57	695.69	607.16	1253.8	0	36188
Q99729	18551	18294	10706	8788.3	13069	12530	7747.6	12991	0	450710
Q99757	0	0	0	0	0	0	0	0	0	0
Q99798	15672	16696	18287	12434	31677	20401	19918	32269	393.92	1128800
Q99805	4409.3	4290	5348.1	4965.2	6999.5	3489.5	3058.5	2179.9	0	68068
Q99829	3648.5	4209.3	3645.5	1822.6	4986.7	3380.2	3099.8	4423.9	0	148640
Q99832	10351	13175	7822.7	8309.7	12428	10947	10198	16524	0	582230
Q99873;Q9NR22	4075.6	6807.3	7982.4	3087.7	4543	3736.1	4286.6	7883.1	0	238030
Q99880;Q8N257;Q96A08	165290	178110	126740	107670	208430	232800	127800	198330	5915.6	8399100
Q9BR76	6358.3	7069.4	5333.2	4286.9	7520.2	6351.7	7442.1	9378.3	0	302860
Q9BS26	0	563.36	647.09	0	632.87	290.76	0	1408.8	0	30746
Q9BSJ8	0	0	0	0	0	0	0	0	0	0
Q9BT78	0	0	0	0	0	0	0	0	0	0
Q9BTT0	0	0	289.33	0	321.53	0	0	0	0	8415.1
Q9BU70	0	810.81	415.79	643.37	1718.4	333.89	936.87	2705.4	0	113900
Q9BUJ2	0	0	0	0	0	0	0	0	0	0
Q9BUN8	2454.7	2153.4	1413	1538.2	1561.6	1308.6	1845.5	3080	0	122650
Q9BV35	0	0	0	0	0	0	0	0	0	0
Q9BV40	0	0	0	0	0	0	0	0	0	0
Q9BWH2	493.28	638.54	489.68	292.07	829.56	455.27	599.71	996.09	0	35851
Q9BWJ5	1463	2967.6	2361.5	2293.7	2990.5	4366.9	2017.1	3111.8	0	70635
Q9BWM7	3256.6	3536.8	3637	2629.6	4670.5	2314.7	2994.4	5979.8	0	190400
Q9BXP5	1678.4	2203.1	3439.2	1142.2	2819.8	1252.1	2170.2	4014.1	0	104210
Q9BY67	0	0	0	0	0	0	0	0	0	0
Q9BZH6	3349.7	4525	2068.7	3006.2	4162.3	4286.3	1490.8	1978.8	0	77795
Q9BZQ8	0	0	0	0	0	0	0	0	0	0
Q9BZZ5	1132.8	2937.6	1280.1	8610.4	2664.7	1428.1	1330.4	2069.4	0	70337
Q9C005	0	0	0	0	0	0	0	0	0	0
Q9GZM7	1186.6	1606.4	2873.8	1859.2	2832.9	1384.8	940.27	1155.4	0	27830
Q9GZZ1	347.84	0	0	0	0	0	401.66	349.42	0	20602
Q9H0A0	459.61	548.76	360.38	0	524.86	333.05	0	508.12	0	9039.1
Q9H0R8;O95166	375.97	0	0	0	0	0	3960.1	5235.8	0	178080
Q9H1E3	1528	643.52	1239.9	464.12	1006.2	1238.5	982.05	4454.6	0	87766
Q9H223	379.42	1051.3	369.51	310.75	693.33	0	304.63	825.89	0	31557
Q9H299	1482.5	1727.6	1732.3	988.97	1432.6	1659.5	1853.3	2869.7	0	99856
Q9H307	0	0	0	0	0	0	0	0	0	0
Q9H444	616.9	642.7	321.06	619.96	680.6	730.28	1274.3	2612	0	64980
Q9H4G4	0	0	0	0	0	0	0	0	0	0
Q9H4M9;Q9NZN3;Q9NZN4	2445.8	2890.4	2648.2	1197.3	3220.1	1602.3	1929.9	3614.6	0	109830
Q9H792	0	0	0	0	0	0	0	0	0	0
Q9H8Y8	0	0	0	0	0	0	0	0	0	0
Q9H910	0	0	0	0	0	0	0	0	0	0
Q9HAV7	1212.1	1350.3	1428.5	1050.2	1624.8	1744	2698.7	2895.8	0	76615
Q9HB71	3142.2	5387.1	2953.4	2992.5	3953.3	3348.5	3925.5	7203.2	0	258750
Q9HD45	753.89	0	863.3	277.04	459.29	801.87	1532.9	3105.4	0	101000
Q9NP72	0	0	0	0	0	0	0	0	0	0
Q9NQC3	15338	15335	9986.7	10860	16112	13182	7728.9	11770	339.59	311770
Q9NQG5	0	0	0	0	0	0	0	0	0	0
Q9NQW7	790.34	1440.4	1064.6	398.55	469.17	782.05	715.86	1238.1	0	37776
Q9NR30	3583.7	4833.3	3126.8	4175.8	3814	3454.8	2681.9	6630.8	0	181200
Q9NR31;Q9Y6B6	1749.6	1434.8	870.61	935.7	851.02	811.29	695.06	1920.3	0	50758
REV__Q9UNY4;Q9NRD9	4307.2	6865.5	2652.6	1531	2902.2	2193.2	2275.8	7017.8	370.54	236620
Q9NRP0	994.15	584.04	1268.1	482.16	1850.2	1151.4	454.04	892.18	0	26253
Q9NSD9	2337.3	6576.3	3429.7	4188.5	2367.1	2327.2	1124	4715.4	0	103830
Q9NTK5	0	0	0	0	0	0	0	0	0	0
Q9NVA2;Q14141;Q9P0V9;Q92599	628.03	1135.4	848.09	0	857.26	317.54	1056.6	534.96	0	26037
Q9NX63	947.49	900.82	685.33	618.88	967.13	797.65	1131.7	0	0	20200
Q9NY12	0	0	0	0	0	0	0	0	0	0
Q9NYF8	1063.6	974.24	1730.6	1167.2	2307.8	1121.7	1478.6	6753.9	0	162370
Q9NYU2;Q9NYU1	984.63	3720.2	1117.8	1830	1525.4	1591.1	1371.2	2180.9	0	97152
Q9NZ01	944.54	3552.3	4272.3	4634.1	5894.6	3257.4	1299	2250.1	0	44624
Q9NZJ7	813.34	708.25	645.24	0	881.61	893.57	522.23	1686.9	0	48341
Q9NZM1	7875.1	14362	5632	9976.9	8777.1	8630.2	6471.1	14756	0	426260
Q9NZT1	0	0	0	0	0	0	0	0	0	0
Q9P258	4343.8	3027.1	5387.7	3500.6	5599.7	3951.2	3506.5	7983.2	0	235710
Q9P2E9;REV__Q9P2M7;Q8N4C6	40747	24261	13285	10514	16811	19632	12656	20313	0	681930
Q9P2J5	1242.4	534.98	380.73	652.77	1500.2	792.86	1206.2	2849.1	0	72932
Q9P2K5	0	0	0	0	0	0	0	0	0	0
Q9P2R7	1010.3	1782.6	984.31	592.69	1289.5	1689.4	1697.9	3249.3	0	94741
Q9UBG0	331.02	340.42	0	0	272.22	321.14	0	780.27	0	24276
Q9UBQ0	2225	1537.6	1124.7	764.77	1750.5	887.24	1738.2	3762	0	83854
Q9UBR2	2383.5	2682.2	4403.9	3330.2	3777.5	3624.6	3122.6	4650.2	0	222590
Q9UBS4	2063.8	2533	2367.1	1758.6	2924.8	2046.1	1758.3	4241.7	0	123840
Q9UBT2	626.05	705.32	533.26	416.7	350.46	454.42	464.44	1294	0	34244
Q9UBX7	1489.2	1321.6	9107.2	1494.5	1479	1093.6	2762.9	5682	0	134650
Q9UG63	436	0	0	0	0	0	0	531.79	0	15894
Q9UGI8	555.78	1094.3	871.46	763.56	4133	683.27	806.38	847.26	0	9765.6
Q9UGP8	0	0	0	0	0	0	0	0	0	0
Q9UHA4	831.91	730.06	611.29	758.48	978.31	892.87	675.36	643.15	0	23233
Q9UHB6	1128.5	2233.4	488	848.47	2519.3	1852	1269.3	3086.6	0	91446
Q9UHD8	3415.9	5172.2	2466.3	2135.2	2626.2	3401.6	1715.6	4019.5	0	145360
Q9UHV9	0	0	0	0	0	0	0	0	0	0
Q9UHX1	814.96	716.11	0	358.56	719.75	820.84	767.21	1392.2	0	48888
Q9UI15	4464.9	4729.1	3588.9	2536.5	3043.3	3374.8	2037.7	2955.5	0	95508
Q9UII2	3631.9	3393.7	2149.3	1387.4	1762.2	1251.9	2663.3	3507	0	156930
Q9UIJ7	0	0	0	0	0	0	0	0	0	0
Q9UKM9	1935.3	1940.2	1322.3	1214.8	2198.7	3507.3	2748.5	5818.2	0	190550
Q9UKV3	0	0	0	0	0	0	0	0	0	0
Q9UL46	471.13	929.07	330.53	480.9	964.89	1031.3	566.25	1335.1	0	26472
Q9ULV4	4665.9	4612	4561.4	3000.1	5202.8	4110.2	3952.5	7857.4	280.7	261230
Q9UM00	0	0	0	0	0	0	0	0	0	0
Q9UMS0	0	0	0	0	0	0	0	0	0	0
Q9UMS4	3410.3	3708.1	1376.6	999.11	3136.4	2477.2	1819.4	3393	0	119700
Q9UN86	352.97	574.01	0	782.33	385.94	585.36	831.23	838.65	0	32873
Q9UNF0	1173.8	739.88	850.93	553.83	1332	1132.3	686.11	1511.5	0	37710
Q9UNH7	0	0	0	0	0	0	0	0	0	0
Q9UNL2	0	0	0	0	0	0	0	0	0	0
Q9UNM6	1871.5	3048.1	1134.1	1885.2	2630.9	1544	2316.4	3887.3	0	134870
Q9UNZ2	0	0	0	0	0	0	0	0	0	0
Q9UPN3	0	0	0	0	0	0	0	0	0	0
Q9UQ80	7247.9	8293.9	6571	7574.6	8823.7	9221.6	9292.6	15222	0	542600
Q9UQE7	1378	1005.2	1189.1	1019.6	1730.6	1621.6	1211.5	1975	0	71041
Q9Y224	990.98	1855.3	1314.8	1973.3	2359.9	519.33	652.83	2072.1	0	81576
Q9Y230	3742.9	4444.3	2910.8	1199.7	3505	2278.5	3670	5139.3	0	177410
Q9Y262	3713.3	3334.4	3387.6	1561.2	3852.6	3467.6	3461.6	5528.5	0	179490
Q9Y265	359.01	562.57	588.28	976.14	2685.4	1186.3	897.19	2390.8	0	73840
Q9Y266	357.58	908.48	397.09	1076.1	1273.5	1187.5	710.45	1752.9	0	61341
Q9Y277	13617	14506	13124	9978.2	17471	13289	12808	19884	537.27	640120
Q9Y285	0	0	0	0	0	0	0	0	0	0
Q9Y2B0	2795.1	2872.6	4859.4	2629.4	5874.4	3232.4	4991.6	913.35	0	41664
Q9Y2V2	0	0	0	0	0	0	0	0	0	0
Q9Y2W1	370.66	0	361.94	513.83	717.68	851.88	302.85	391.08	0	11176
Q9Y2X3	2711.8	2775.6	3068.4	806.31	3294.6	1169.6	1459.9	3032.6	0	88354
Q9Y383;Q9NQ29	0	0	0	0	0	0	0	0	0	0
Q9Y3B3	0	0	0	0	0	0	0	0	0	0
Q9Y3D6	657.13	454.64	325.28	0	504.19	351.96	644.22	1118.1	0	37062
Q9Y3E0	0	0	0	0	0	0	0	0	0	0
Q9Y3E5	992.73	857.13	406.97	321.47	2041	895.6	809.59	2749	0	57619
Q9Y3F4	2577.4	3548.3	1667.2	1099.5	1409.5	2285.8	3481.7	6852.5	285.19	216240
Q9Y3I0	1080.7	988.24	444.61	0	1220.7	1246.6	1129.2	2772.8	0	61056
Q9Y3U8	681.65	543.56	475.3	574.73	506.68	683.53	837.59	2111.9	0	53739
Q9Y3Z3	0	0	0	0	0	0	0	0	0	0
Q9Y490	19827	29912	22672	19112	27075	25812	20970	27978	434.12	909060
Q9Y4L1	6233.2	6699.2	6216.9	6902.7	7117.3	6593.2	12518	14990	0	429250
Q9Y512	0	0	0	0	0	0	0	0	0	0
Q9Y5B9	372.39	478.81	529.11	0	735.94	425.38	765.87	1718.7	0	47282
Q9Y5K6	0	0	0	0	0	0	0	0	0	0
Q9Y5L4	4760	3849.8	5346.2	6097.7	6426.3	3934.3	4145.9	1179.5	506.77	15713
Q9Y5M8	0	0	0	0	0	0	0	0	0	0
Q9Y5S9	2345.4	1431.3	700.46	600.34	1406.8	1155.2	1969.1	2882.5	0	126610
Q9Y617	1892.8	1862.2	798.99	756.43	1295.6	1901.5	1240.5	2884	0	62986
Q9Y666	0	0	0	0	0	0	0	0	0	0
Q9Y678	385.64	462.1	0	431.19	588.99	837.82	0	533.08	0	10074
Q9Y696	1944.8	3302.5	2384.5	2430.8	2636	3024.9	1780.9	1868.9	0	48625
Q9Y6C9	1955.9	1865.6	1088.1	1301.9	4059.4	1708.7	1965.4	2812	0	134540
Q9Y6G9	1158.5	1865.4	1528.9	2161.8	1688.9	1234.8	673.41	1400.7	0	35164
Q9Y6K9	2309.4	2305.4	1580.7	797.74	653.9	953.28	803.86	2333.8	0	53366
REV__O15360	510.7	0	0	0	0	668.59	337.89	731.93	0	32956
REV__O60437	1493.3	1394	652.46	4363.9	3568.5	1420.1	1710.1	2270.7	0	98924
REV__O60506	2097.7	1561.4	720.64	819.89	1196.4	911.4	1110.2	1362.7	0	59068
REV__P33991	0	0	1238.8	0	1265	1023.1	1669.4	3245.2	0	127690
REV__P35052	0	0	0	0	0	0	0	0	0	0
REV__P98196;REV__Q9Y2G3	3171.3	3755.3	1628	1500.9	3868	2690.3	6240	10749	0	368020
REV__Q14C87	646.71	838.22	255.29	460.95	1003	495.92	1402.6	2097.1	0	94539
REV__Q8TBY8	838.15	548.55	566.87	518.71	2084.8	1315.2	2832.5	8277.6	0	203870
REV__Q8TF21	2324.2	1911.8	2160.9	704.96	2827.4	2008.5	2195.8	2285.9	0	122440
REV__Q92835	0	0	0	0	0	0	0	0	0	0
REV__Q96ST3	6501.7	8950.5	5480.1	5980.5	6728.8	5965.2	10966	20978	792.52	678990
REV__Q9NU22	48693	43502	59553	70994	48758	49171	57098	1850.2	1513.8	7157.8
