Protein IDs	Reporter intensity 1 PNNL SC Chip 1 C	Reporter intensity 2 PNNL SC Chip 1 C	Reporter intensity 3 PNNL SC Chip 1 C	Reporter intensity 4 PNNL SC Chip 1 C	Reporter intensity 5 PNNL SC Chip 1 C	Reporter intensity 6 PNNL SC Chip 1 C	Reporter intensity 7 PNNL SC Chip 1 C	Reporter intensity 8 PNNL SC Chip 1 C	Reporter intensity 9 PNNL SC Chip 1 C	Reporter intensity 10 PNNL SC Chip 1 C
A6NHQ2	0	364.9	815.83	420.68	0	315.9	978.51	1134.8	0	39155
P62308;A8MWD9	1716.6	2430.7	9088.3	2198	3122.4	3105.6	2119.7	2676	0	87423
Q99613;B5ME19	2953.9	5299.6	4219.5	6111.1	7454.2	5536.5	3695	7940.4	0	243180
C9JRZ8	1200.9	956.3	2045.4	793.69	605.79	484.18	314.5	1384.3	0	21729
CON__ENSEMBL:ENSBTAP00000007350;CON__P01030;P39748;P0C0L5;P0C0L4	8146.8	28912	11395	9629.5	14304	16162	13902	18230	0	575910
CON__ENSEMBL:ENSBTAP00000016046;P23142	0	295.57	0	0	1148.6	1129.1	0	891.6	0	27723
CON__ENSEMBL:ENSBTAP00000024146;P01023;P20742	40697	96979	53403	41597	60384	80246	51190	83236	524.55	2592400
CON__O43790;CON__Q6NT21;CON__P78385;CON__Q14533;O43790;P78385;Q14533;CON__Q61726;CON__P78386;A6NCN2;P78386	0	0	0	0	0	0	0	0	0	0
CON__P00761;Q9BYE2	275220	276990	302830	278750	312460	341940	387370	84132	10934	2199200
CON__P01966;P69905	0	0	0	0	0	0	0	0	0	0
CON__P02533;P02533;CON__Q04695;CON__Q9QWL7;CON__Q6IFX2;Q04695	5413.6	60174	24964	12981	18392	143600	4788.6	8768.2	0	160600
CON__P02584	9008.9	8336.2	4821.1	4579.1	3635.1	5224.1	4452.2	16565	363.19	425280
CON__P02768-1;P02768;Q92985	0	0	0	0	0	0	0	0	0	0
CON__P02769	68770	97769	187000	189090	140690	177840	30572	39255	0	983370
CON__P04258	4898.9	11653	10925	7499.5	8276.8	8148	9092.7	8082.4	609.07	329770
CON__P06868	0	0	0	0	0	0	0	0	0	0
CON__P07477;P07477	679.2	512.1	617.69	574.15	383.97	708.41	964.17	1897.5	0	88969
CON__P12763;P02765	32817	48401	84467	82657	64615	82357	18804	12781	454.37	374810
P13645;CON__P13645;CON__P02535-1;CON__P08730-1;Q7Z3Y7;Q2M2I5;CON__Q2M2I5;CON__Q7Z3Y7;CON__Q7Z3Y8;CON__Q148H6;CON__P05784;Q7Z3Y8;CON__Q7Z3Z0;CON__O76015;P05783;O76013;CON__O76013;CON__Q9Z2K1;CON__O76014;CON__Q3ZAW8;O76015;Q7Z3Z0;O76014;CON__A2AB72	60611	957910	1065400	192160	1946400	4668500	60558	224070	4034.1	1119700
CON__P13647;P13647	5499.2	140140	59225	15482	48959	285500	8990.6	14986	0	239480
CON__P15497	594.61	652.05	667.06	980.41	742.38	1241.3	664.79	403.08	0	22673
CON__P15636	1226	3099.6	2342.8	2034.8	4404.9	4631	5041.9	21181	0	665590
CON__P34955	15026	22231	41258	41158	27455	34704	7091.1	10072	0	304230
CON__P35908	0	3277.8	1231.7	527.8	1339.2	12849	0	1123	0	1849.4
CON__P35908v2;P35908	44663	1530900	993730	260850	913770	6063700	68869	260050	1069.3	1217700
CON__P62894;P99999	1115.9	882.6	992.43	931.55	1501.7	991.41	1082	2363.8	0	89424
CON__Q29443;CON__Q0IIK2	0	930.7	1302.3	1959.9	1209.2	1456	465.18	541.34	0	18424
CON__Q14525;CON__Q9UE12;CON__Q15323;Q14525;Q15323;CON__Q6NTB9;CON__O76009;CON__Q497I4;O76009;CON__Q9D646;CON__A2A5Y0;CON__Q92764;CON__Q14532;CON__REFSEQ:XP_986630;Q14532;Q92764	0	0	0	0	0	0	0	0	0	0
CON__Q3SX09;P68871;P02042	2609.9	3415.7	4319.1	3078.8	4048.8	4612.7	3228.6	3510.9	0	91088
CON__Q3SX14;P06396	4561.7	7263.4	6288.7	6842.5	6661.2	7449.5	6279.3	7224.7	0	273310
CON__Q3SZV7	922.33	2446.9	2186.9	1256	3330.5	4313	2242.7	3804.6	0	106740
CON__Q3ZBD7	6230	8552.4	5885.3	7553.5	5589.8	7352	6710.2	18212	0	488670
CON__Q3ZBS7	1540.3	2203.8	2102.3	2327	1761.2	2604.5	1833.4	3375.5	0	109610
CON__Q5D862;Q5D862	1903.1	13912	43776	4642.3	104540	64970	6484.5	2408.3	0	32473
CON__Q86YZ3;Q86YZ3	0	0	668.86	0	340.1	10020	0	753.36	0	5326.1
E9PAV3;Q13765;Q9BZK3	1427.5	2409.6	2049.4	1989.1	1507.5	1976.9	1631.4	4106.7	0	118090
G2XKQ0;P63165	0	1696.1	1118.5	753.99	1144.8	1344.7	1190.4	2778.2	0	72844
O00148	3514.2	5274.8	5203	7631.1	8870.1	5908.1	3373.3	4285	0	109540
O00151	0	0	0	0	0	0	0	0	0	0
O00159;Q9UBC5	3875.2	4690.2	3735	2927.6	3713.2	4371.4	3674.4	5098.5	0	200680
O00231	772.91	9739.9	1202.5	1150.8	4452.5	1182.7	1700.2	1767.3	0	47878
O00232	576.77	1189.5	954.12	961.25	1931.4	670.53	652.12	502.97	0	8530.4
O00264	2536.8	5280.7	4099.4	3218	2976.8	3535.4	2588.3	4233.6	0	97122
O00299	5655.8	8529.3	6549.5	6005.4	5529.8	8296.9	5432.8	11860	0	340280
O00303	2237.6	4604.9	4272.8	2865.7	6135.7	4378.7	4189.4	3523.9	0	127510
O00330	0	0	0	0	0	0	0	0	0	0
O00410	0	0	0	0	0	0	0	0	0	0
O00425	0	0	0	0	0	0	0	0	0	0
O00469	250.86	649.59	513.02	407.29	831.93	581.32	4483.5	669.21	0	25295
O00483	2945.5	3668.2	2332	2653.6	780.49	2926.6	3397.7	7075.6	0	266550
O00487	1307.3	2013.3	2140.8	2120.7	3846.4	1260.4	1202.1	2114.2	0	64751
O00499	314.14	352.86	336.59	0	454.85	606.9	397.98	516.87	0	14162
O00534	0	0	0	0	0	0	0	0	0	0
O00567	350.35	975.33	788.81	3534.2	717.68	1533.1	711.51	2240.9	0	70849
O00571;O15523	2727.6	5670.1	5257	5176.8	7435	9477.6	4489.6	6543.4	0	184200
O00629;O00505	1682.9	4121.1	2628.7	2785.5	2536	2580.2	3168	6545.7	0	147000
O14497	1973.8	2031.4	1327.7	928.6	1606.7	1150.1	892.36	2982.6	0	108230
P47813;O14602	4508.4	8314.6	8168.1	3778.8	10283	9364.3	5624.5	11455	401.23	377570
O14737	0	0	0	0	0	0	0	0	0	0
O14745	768.82	1012.1	446.24	0	527.6	1884.1	1117.2	1644.8	0	60000
O14776	0	0	0	0	0	0	0	0	0	0
O14818;Q8TAA3	4153.7	10155	4204	6169.4	5943.1	5937.6	5015.7	11357	0	377650
P19105;O14950;P24844	7079.6	8776.9	3786.7	3109.8	3126.3	7274.7	5078.1	10892	0	352270
O14979	628.08	827.72	691.81	1297.1	2096.2	1012.7	812.95	1443.7	0	44595
O14980	1183.3	2175.2	2203.2	1783.7	2441	2679.1	2530.1	5457.9	0	155730
O15031	0	0	0	0	0	0	0	0	0	0
O15143	2529.3	2978.4	2890.7	3331.2	2105	2972	2629.8	2196.5	0	101580
O15144	4457.6	12081	6443.8	7764.6	31613	12310	5520.6	11679	0	358750
O15145	761.8	1703.5	752.53	1567.8	1337.4	1084.9	566.3	1023.2	0	20623
O15212	621.36	682.25	718	597.95	463.48	612.32	461.46	1408	0	34644
O15258	817.59	3863.8	796.05	2138.1	2756.4	477.24	1480.8	3516.8	0	66200
O15371	0	0	0	0	0	0	0	0	0	0
O15372	1621.1	4492.7	3894.6	2406.3	5726.7	6248.4	2557.6	4295.4	0	161760
O15400	0	0	0	0	0	0	0	0	0	0
O15460	570.84	898.83	768.31	451.99	803.32	411.37	805.28	2129.5	0	60456
O15511	0	0	0	0	0	655.63	348.13	0	0	6144.6
O43143	3172.1	11906	5182.8	12756	378210	7973.3	4664.1	6384.6	0	177320
O43175	8607.1	11199	6862.9	5569.4	6833.9	6348.6	4096.7	9675.6	0	296640
O43242	0	0	0	0	0	0	0	0	0	0
O43390	536.83	584.28	592.22	420.01	622.17	893.92	616.91	901.96	0	23881
O43396	0	821.06	534.34	631.68	362.33	857.06	295.24	860.35	0	34544
O43399	1533.2	3314.7	3291.6	2323.1	2620.2	7845.7	4701.3	3159.1	286.11	93909
O43402	0	0	0	0	0	0	0	0	0	0
O43491;Q9Y2J2	438.6	679.34	535.59	253.62	1831.3	8807.8	847.5	1657.8	0	41253
O43615	0	0	0	0	0	0	0	0	0	0
O43681	0	0	0	0	0	0	0	0	0	0
O43684	372.78	1087.4	784.95	551.81	541.32	1177.9	351.2	1189.6	0	32041
O43707;Q9H254	16904	23066	24884	21790	28102	42471	27966	47541	1264.8	1475700
O43747	0	0	0	0	0	0	0	0	0	0
O43776	2717.2	5645.2	4561.8	3980.9	4619.6	6465.3	3583.7	5972.4	363.97	156050
O43837	1124.2	1503.9	1421.6	1085.1	1446.6	1701.8	1678.6	3091	0	115780
O43852	5855.9	8459.6	10639	6161.1	17160	20504	5388.2	12033	0	346940
O60216	0	0	0	0	0	0	0	0	0	0
O60220	0	0	0	0	0	0	0	0	0	0
O60493;Q9UMY4	968.48	1738.4	1223.2	749.18	839.87	1874.5	2332.5	3244.3	0	110510
O60506	9108.3	9995.2	8635.5	7608.7	9342.1	12329	6807	11718	302.81	341160
O60568	461.25	718.13	684.08	439.99	586.17	709.23	682.39	1951.7	0	41743
O60613	786.41	1273.9	1189.1	1155.6	1350.6	898.42	386.41	1596.8	0	32759
Q9HAW9;Q9HAW8;Q9HAW7;O60656;P19224;P22309;P35504;P35503;P22310	0	0	0	0	0	0	0	0	0	0
O60716	2176.4	3641.5	5519.7	2246.7	7353.1	10255	3181.9	2299.9	0	65740
O60749;Q13596	679.61	787.37	1193.2	651.63	1538.9	2150.8	797.1	670.65	0	30967
O60763	0	0	0	0	0	0	0	0	0	0
Q99879;Q99877;Q93079;Q5QNW6;P62807;P58876;O60814;P57053;Q16778;P33778;P23527;P06899;Q6DRA6;Q6DN03	10178	15579	18023	10850	10837	11607	3097.9	3542.1	0	157520
O60831	766.94	1645.1	1185.7	1461.8	2253.5	1825.4	1285.1	1938	0	78409
O75083	3038	3982.5	4127.9	3495.8	2868.7	5285.3	5137.2	6080.8	0	215860
O75131;Q96FN4;Q8IYJ1;Q96A23;O95741;Q86YQ8;Q9HCH3;Q9UBL6	0	0	0	0	0	0	0	0	0	0
O75340	1223.7	2037.5	1215.8	1949	1479.7	1951.9	859.67	2170.1	0	44539
O75347	0	503.25	472.85	384.05	482.46	906.11	944.73	844.28	0	30048
O75348;O95670	292.66	612.15	829.81	334.87	760.76	1369	612.28	997.42	0	35085
O75367	385.04	1123.2	2435.6	1056.5	2701.5	5747.4	857.44	1470.3	0	44339
O75368	505.31	789.08	1034.7	1322.5	1069.9	938.99	1157.8	2218.4	0	81429
O75369	11022	21899	22535	20263	19621	19446	19882	23557	0	688620
O75390	4916.7	4429.6	3284	5171.9	3840.2	5048.4	5619.2	16340	0	464020
O75396	0	0	0	0	0	0	0	0	0	0
O75400;Q6NWY9	826.21	1825	3268.6	1461	5865.2	8577.8	2442.7	2942.1	0	87808
O75439	1079.1	3058.8	2524.3	2618.9	2305.6	1546.6	826.33	1847.4	0	41633
O75475	626.74	931.7	1367.5	791.31	1399.5	2412.2	1252.8	1899.9	0	68977
O94905;O75477	642.13	1818	1414.3	1297.6	1023.6	1449.3	892.13	2962.1	0	104890
O75489	866.35	1936	1958.9	2926.2	2219.1	1663.3	346.77	0	0	15592
O75531	977.87	1724.8	1095.6	781.74	1270	1336.2	1671.5	5236.2	0	162370
O75533	250.58	0	0	0	0	0	365.18	0	0	2059.3
O75534	1589.8	1833.9	1960.8	2509	5106.9	3118	3646	2142.8	0	57077
O75643	0	0	0	0	0	0	0	0	0	0
O75746;Q9UJS0	2506.6	4689.1	3778.2	3633.2	3494.5	4931.3	3984.8	5015.7	0	173080
P54855;O75795	0	0	0	0	0	0	0	0	0	0
O75821	0	0	0	0	0	0	0	0	0	0
O75822	0	0	0	0	0	0	0	0	0	0
O75874	0	0	0	0	0	0	0	0	0	0
Q13177;Q13153;O75914	379.51	950.56	582.19	738.84	625.32	841.74	948.25	1581.6	0	53242
O75915	1905.6	3931.9	3627	2962.4	2068	2826.3	4782.8	4258.4	371.37	128880
O75937	1122.6	1047.8	1218.4	1120.9	1177.4	1142.8	1721.2	2119	0	72777
O75947	0	0	0	0	0	0	0	0	0	0
O76003	283.92	775.6	1117.7	1327	1298.8	746.83	727.66	789.23	0	27079
O76094	0	0	0	0	0	0	0	0	0	0
O94826	0	831.83	630.03	314.02	675.33	1509.1	1018.7	1236.2	0	42257
O94925	839.2	1076.8	868.08	1221.5	1267	845.99	777.26	1014.9	0	42829
O94973;O95782	2855.2	3319	2178.4	2106.1	2937.3	3185.6	2585.1	4571.5	0	171850
O94979	410.21	0	656.54	0	598.74	361.34	611.35	700.23	0	22445
O95182	0	0	0	0	0	0	0	0	0	0
O95232	0	0	0	0	0	0	0	0	0	0
O95292	0	0	0	0	0	0	0	0	0	0
O95302	0	0	0	0	0	0	0	0	0	0
O95399	1959.9	1903.2	2228.9	1384	1886.6	2183	3062.4	5039.1	0	199010
O95433	0	0	0	0	0	0	0	0	0	0
O95777	0	0	0	0	0	0	0	0	0	0
O95831	687.52	884.27	320.57	459.01	541.7	758.38	923.43	660.35	0	28052
O95837;P50148;P29992	731.01	1211.9	1643.3	1040.5	1269.9	2467.3	1770.8	1696.3	0	29025
O95881	0	321.77	0	0	438.37	472.52	0	941.34	0	33021
O96000	1239.8	1830.2	1140	1467.6	1990.9	3181.1	1469.9	3125.9	0	79279
P00167	2130.9	2349.5	2398.1	2476.5	1748.1	2106.2	1463.4	6661.3	0	176890
P00338;P07195;Q6ZMR3;P07864;Q9BYZ2	6551.1	8559.5	8398.9	10969	8158.8	18234	10690	16713	0	670930
P00367;P49448	2757.9	4699.9	3126.5	4760.4	3896	4338.3	4491.3	8885.4	0	280200
P00387	0	442.9	495.45	369.72	347.11	507.72	0	1679.2	0	48884
P00395	0	0	0	0	0	0	0	0	0	0
P00441	0	0	0	0	0	0	0	0	0	0
P00492	303.76	778.33	871.54	499.5	549.91	520.18	0	507.74	0	17012
P00505	14812	20886	14060	18971	18896	16975	19487	26956	1070	1032700
P00558;P07205	13091	19434	13923	20053	16050	19018	19344	41300	1186.1	1216500
P01116;P01112;P01111	0	0	0	0	0	0	0	0	0	0
P01130	768.85	250.66	0	476.96	0	621.54	368.59	686.13	0	18395
P0DOX7;P01834	0	0	0	0	0	0	0	0	0	0
P01876	0	0	0	0	0	0	0	0	0	0
P02452;CON__Q862S4;P02458	21480	38478	23526	21705	28157	34132	25016	35835	1008.9	1225800
P02461	549.36	726.74	820.14	549.14	919.14	1254.8	549.12	1522.7	0	43299
P02462;P29400	409.92	272.68	791.72	0	466.05	482.58	298.33	786.7	0	12572
P02545;REV__Q5VX52	41351	58553	68684	69523	46850	66579	58391	95083	1302.5	3224200
P02647	0	0	0	0	0	0	0	0	0	0
P02751	20134	34307	31582	23037	28566	38224	45463	101970	1270.3	3663200
P02786	0	0	0	0	0	0	0	0	0	0
P04040	745.21	1699.8	2559	2310.8	3160.8	3819.1	1130.4	1966.9	0	76398
P04075;P05062	16872	25356	34375	30353	27464	28161	21805	46376	441.56	1536300
P04083	16125	15651	8412.2	9763.2	7841.5	9334.6	11405	29856	876.31	917620
P04179	2659.4	4272	4241.9	3824.6	5775.9	6127.3	4809	13895	0	365970
P04181	8446.7	11273	10591	9136.1	8854.1	9878.4	7993.8	9307	0	460280
P04264;CON__P04264;CON__H-INV:HIT000016045	80439	645220	2135900	248250	4324100	6640000	61889	283940	4678.7	1025700
P04406	0	0	0	0	0	0	0	0	0	0
P04632	359.97	749.81	919.42	0	658.79	938.09	1607.2	2253.6	0	65045
P04839;Q9Y5S8	0	0	0	0	0	0	0	0	0	0
P04843	36090	42577	25571	31403	18293	27866	9112.3	24924	772.27	418490
P04844	1419.3	3728.2	2049.8	4101.9	2312.2	2227.4	1533.3	2379.4	300.56	121290
P04899;P63096;P08754;P09471	5764.8	9498.5	10669	11772	11121	12268	15193	13609	1622	439650
P05023;Q13733;P20648;P54707	10979	17130	17997	20590	28510	24260	19370	34118	928.98	1198600
P05067	0	0	0	0	0	0	0	0	0	0
P05091;O94788;P47895;P30837	11319	34022	10630	30744	11962	14309	13540	22643	0	836060
P05141;Q9H0C2	28066	39191	29493	30005	21173	26835	46272	66997	3784.3	2527600
P05198	4491.9	7273.4	7446.9	5196	7414.8	9266.5	7544.9	14051	0	445410
P05387	1593.6	3365.6	3024.3	2222.9	1689.9	3093	3521.1	6282.4	0	213310
P05388;Q8NHW5	13349	23028	15297	13468	11367	16130	18457	40468	1031.7	1561500
P05455	4046.2	5887	4369.2	5872.1	4201.8	4629.3	4257.5	6072.5	0	254840
P05556	0	789.24	1496.2	473.68	770.59	1181.6	1597.3	698.96	0	30662
P06454	6004.8	17044	10474	9612	8688.1	9868.8	3825.1	3612.5	0	105020
P06576	15783	40020	31838	23847	39633	69742	35864	56308	1012.3	1882600
P06702	0	0	0	0	0	0	0	0	0	0
P06703	8479.6	10281	3530.1	3551.6	4599.9	7998.3	3926.5	7716.4	382.51	375520
P06730	2981.5	3285.1	3037	3068	4725.3	3109.2	3648.1	4480.6	485.27	189980
P06733	17185	25280	33323	35982	23569	32888	29829	55616	819.32	2297800
P06748	14111	22412	12496	12764	7182.5	12571	21147	45454	1109.1	2006600
P06753	7129.1	9425	8716	7877.6	6001.7	8597.3	7319.6	13021	0	420450
P06858	856.74	1988.4	2113.8	2552	2175.9	2010.4	1963.3	3981.9	0	99825
P06865	2471.4	2068.3	2905.2	1259.3	2510.4	2614.7	2078.3	4736.4	0	141010
P07237	41029	55293	96208	34801	44550	43770	60945	145490	3928	5248800
P07305	623.64	870.42	862.48	827.04	1331.1	1206.4	1067.7	1038.3	0	44590
P07355;A6NMY6	18441	27045	24921	19017	21256	34043	24850	46369	0	1475100
P07437;Q9BVA1;A6NNZ2;CON__ENSEMBL:ENSBTAP00000025008;Q9H4B7	48532	70273	42630	50767	34566	72166	36290	96647	2163.6	1814700
P07602	2314.1	1877.6	1356.9	1971.1	1627.4	2171.2	3329.3	7523.7	0	228110
P07737	6206.7	6896.2	4881.8	3719.9	6241.6	6098	7344.7	18218	0	541030
P07741	870.48	11019	2517.5	2243.8	2327.4	1247.8	1137	2368.2	0	81366
P07814	2357.3	3457	3461.4	2455.7	3911.6	3170.2	3459.7	6091.9	0	193800
P07900;Q14568;Q58FG0;Q58FG1	12519	16687	24455	13701	16842	18723	12303	22978	0	816430
P07910;P0DMR1;O60812;B7ZW38;B2RXH8	863.06	2156.6	1450.4	1159.8	2447.7	3430.6	1392	2812.5	0	97589
P07954	1892.3	2860.8	3246.3	4051.2	3564.7	3610.1	3608.8	3514.3	484.43	104680
P07996;P35442	5808.9	12338	9981.6	7780.3	16118	28664	12282	23334	355.13	777410
P08133	13769	20022	11330	10768	12563	20909	13159	22672	0	776040
P08134;P61586;P62745	2547.8	3284.3	1795	1810.4	1775.1	2763.9	3130.5	5708.6	0	229760
P08238;Q58FF7;Q92538	64674	90490	49038	47643	52544	56914	40676	94059	300.36	3132400
P08559	998.73	1113.8	1311.2	1146.6	1208.3	1065.4	1752.8	2290.2	0	80784
P08574	2752.3	3465.1	3152.4	2779.7	3529.5	1686.7	2180.7	5439.1	450.5	174350
P08579	685.95	2395.2	1596.6	2021.9	1642.9	2607.4	2572.1	4948.6	0	207390
P08621	2248.1	3217.3	3632.8	2350	4183.4	7118.3	3113.9	4770.1	0	192460
P08670;P17661;P14136;P41219;Q16352;P07196;P07197	146900	160270	79595	77723	58975	115010	89152	174180	6456	6790000
P08708	5402.7	9697.3	6519.1	5770.2	4268.4	5280.4	4041.4	18220	583.18	421560
P08758	12310	16133	16075	24129	16841	18240	16377	32950	1104.1	1334700
P08865;REV__Q2TAZ0	15695	28618	27781	20339	17939	21752	23308	27000	767.77	1191500
P09104	720.6	1597.6	2012.3	1617.1	1199.2	2106.3	3109.9	4358.7	0	190580
P09110	518.3	1080.1	1014	1131.2	611.96	2477.6	371.45	1057.6	0	31660
P09234	447.02	1105.1	814.03	942.64	1705.5	2069	1099.2	1158.5	0	45420
P09382	5347.6	5194.4	2003	2791.7	3129.2	3844.4	5673.7	12799	0	477610
P09417	0	0	0	0	0	0	0	0	0	0
P09429;P26583;B2RPK0;P23497	6254.8	19432	17561	10614	42783	55695	10889	18725	0	525680
P09486	2115.8	2456.7	2978.5	1635.9	3207.9	2745.4	2079.9	4645.8	0	123060
P09493	32836	61634	29443	19978	34246	26682	29633	56335	1860.1	2086300
P09525	5003.7	6637.9	2407	3067.6	2630	5687.4	4173.3	6394	0	278950
P09622	592.73	1051.7	1432	986.93	2115.8	1868	1399.9	6370.1	0	152590
P09651;Q32P51	11946	15462	15686	12838	16630	15210	12816	28806	567.42	954800
P09661	0	0	0	0	0	0	0	0	0	0
P09874	0	0	0	0	0	0	0	0	0	0
P09972	0	449.22	315.51	637.11	297.99	954.98	1133.4	1751.6	0	32439
Q71UI9;P0C0S5	1998.9	3930.6	2236.4	2007.5	3228	2950.9	3086.3	7587.7	347.26	272460
P62987;P62979;P0CG47;P0CG48	10671	13552	9989.9	9409.6	11207	12812	16365	42949	1140.2	1386800
P0DN76;Q01081;Q8WU68	7450.7	4116.8	3863.7	3148.4	3918.9	6558.8	2677.4	7322.4	0	241530
P0DP25;P0DP24;P0DP23;P27482	8697.9	9930.9	6772	8405.3	6538.2	8314	16415	39415	1317.5	1617900
P10321;P30462;Q29865;Q29963;P30480;P30499;P30460;P18463;P30508;P30505;P30504;Q29960;P30512;Q07000;P10316;P10314;P01891;P30459;P30453;P16189;P30510;Q9TNN7;P13747;P16188;P30493;Q31610;P01889;P30475;P30486;Q29718;Q29836;P01893;P30492;Q95365;P16190;P30479;P30466;Q29940;P01892	714.32	1115.8	1205.7	740.21	1255.8	1446	3070.9	2979.2	316.75	103630
P10412;P16403;P16402;Q02539;P22492	12216	30831	19284	18418	20087	22848	12660	25355	0	858530
P10515	3151.3	4008.8	3642.3	3483.4	4303.8	4964.9	4481.1	5326.9	0	204940
P10599	1752.3	3449.7	3143.8	1828.1	4715.8	5608.8	1947	2701.2	0	125720
P10606	577.82	1815.4	1301.7	1240.1	1392.6	1687.8	1377.8	3123.9	0	113140
P10644	994.62	1124.5	855.89	0	474.16	1242.1	1852.3	3354.1	0	82690
P10768	2855.3	2631.6	3106.1	3106.6	2372.5	1747	2318.6	5439.1	310.77	166940
P10809	29008	47655	35691	29925	29880	40581	42577	74451	1393.7	2845400
P11021	28024	44230	41328	33526	33897	38248	47372	82800	3702.7	3096700
P11047	0	0	0	0	0	0	0	0	0	0
P11142;P54652;P34931;P0DMV9;P0DMV8	80887	131910	87931	78984	53447	82862	65717	140720	3185.2	4884600
P11166	638.62	1130.3	1435.1	3514.6	3229.5	6938.4	1387.5	1655.8	0	59057
P11177	2125.2	3676.4	2750.6	2246.4	3055.8	2275	4732.7	5012.8	0	196040
P11234	465.8	707.87	585.6	0	1487.6	439.11	0	966.36	0	15766
P11279	1610.1	3076.8	1544.2	1226.8	1393	3201.3	2828.8	7236.3	361.02	181660
P11310	355.03	552.48	783.43	768.35	752.17	959.72	1301	1575.4	0	58490
P11413	3348.9	7218.7	6367.6	8258.8	14723	12048	6754.1	7896.3	664.97	251660
P60891;P21108;P11908	0	0	0	0	0	0	0	0	0	0
P11940;Q9H361;Q4VXU2;Q96DU9	9357.6	16236	10811	15839	11398	13466	13412	31155	437.14	970260
P12004	14495	17519	16965	16869	13038	18873	20411	48492	1526.2	1628800
P12081	0	0	0	0	0	0	0	0	0	0
P12235	3791.8	3701.1	1440.5	1624	1382.7	2183.2	2711.5	8608.3	0	318460
P12236	2776.7	2678.1	1699.2	1152.7	3850.3	2109.1	1940.5	4714.8	0	113150
P12268	1310.7	2631.8	2076.7	1736.8	2059.1	2158.9	2741.1	3945.8	0	90142
P12270	1057.4	1766.5	1186.6	1731.9	1157.8	1534.3	1325.7	1081.3	0	26079
P12277	0	598.16	726.67	411.23	1628.7	474.3	362.37	484.33	0	16685
P12429	10925	17420	6814.6	8552.4	10335	9533	10372	19914	337.43	687880
P12814;P35609;Q08043	1982.8	2859.8	2313.1	1690	2709.3	3109	2245.7	5730.5	0	198510
P13637;P50993	0	0	0	0	0	0	0	0	0	0
P13639	55908	85326	52179	42839	44566	58479	43651	88976	349.2	2876500
P13667	8029.8	13638	10668	9602.2	10716	12690	11666	24161	0	826920
P13674	5160.8	8416.4	7791.9	7434.4	6242.9	6519.8	7017.3	17043	0	616060
P13693	0	0	0	0	0	0	0	0	0	0
P13796;Q14651	12033	16412	31362	35933	23228	19793	24327	31007	1374.3	1056500
P13797	443.38	644.38	802.1	389.98	1053.2	1102	711.87	803.92	0	37266
P13804	853.02	1999.7	1058.4	704.7	1997.5	1221.6	1467	3242.9	0	94204
Q5VT79;P13928	2715	3647.7	2149.7	2356.6	3289.7	2863.1	1594.8	2301.5	0	70501
P13929	464.07	1061.7	772.98	1240.8	1546.7	1195.4	717.32	1921.4	0	46348
P13995	0	679.75	0	490.81	601.74	497.24	370.07	849.58	0	18948
P14314	2273.4	3065.1	2180.6	2219	3117.8	3854.3	3648.6	6353	406.86	195830
P14317	0	0	0	0	0	0	0	0	0	0
P14324	0	782.78	342.31	475.39	441.26	618.06	625.72	1793.1	0	60360
P14618;P30613	32329	62573	56514	57688	58244	77479	51619	106000	2408.2	3734300
P14625	34007	86492	39764	79893	368440	150240	121490	127370	3035.5	3574800
P63162;P14678	6382.7	10396	9938.6	7804.7	10475	20720	10001	22193	474.81	882720
P14854	1221.3	1518	1606.3	1564.4	14302	990.18	1989.9	1614.1	0	31397
P14866	3651.1	5521.6	5371	3784.5	10028	5529.2	3219.8	8217.4	0	295450
P14868	1965.7	5686	5147.6	3701.1	6485.2	7426.7	4537.8	7075.5	0	187100
P14923;P35222	507.79	2155.3	1148.7	749.48	1808	23706	1599.9	2155.1	0	97765
P14927	729.23	1332.8	1184.1	790.44	955.19	1156.4	1222.2	1767.6	0	76385
P15121	0	0	0	0	0	0	0	0	0	0
P15153;P63000;P60763	901.98	1489.3	831.53	698.92	702.94	789.19	823.09	1067.6	0	48689
P15170;Q8IYD1	299.5	1557.9	1090.4	1077.3	915.4	1613.4	1015.7	2877.6	0	78944
P15311	5009.3	8326.5	3689.9	4435.4	8128.4	3872	2698.3	3037.2	0	96016
P15531	480.56	855.66	603.31	346.49	662.04	763.08	0	3223.5	0	88144
P15586	0	0	0	0	0	0	0	0	0	0
P15880	11561	20346	16043	12490	29961	21433	20328	34470	516.53	1263800
P15924	0	0	0	0	0	0	0	0	0	0
P15954	957.95	1812.4	733.28	1184.8	1103.9	931.1	1644.5	1837.4	0	69558
P16219	334.07	300.99	0	0	332.18	331.29	693.17	475.47	0	17186
P16401	3526.4	6193.9	4104.6	4080.7	4315.9	6335.6	3766.2	7782.2	0	248090
P16435	0	717.28	654.06	822.69	1086.8	790.47	994.63	1030.4	0	42239
P16615;O14983;Q93084	4217.1	7104.3	4711.4	4366.5	3574.6	6265.8	5482.6	7301.8	0	220990
P16949	2481.6	3424	3215.2	2247	3320.8	4320.1	3046.6	6002.2	0	208540
P17066;P48741	1467.2	1923.4	1932.7	1541.7	2452.7	1490.9	2345.9	2426.2	0	87543
P17096	1492.7	2101	2548.8	1768.9	1995.7	2054.5	1568.6	2200.9	0	85591
P17174	873.88	1025.4	543.66	507.42	1720.2	1442.3	1320.2	2061	0	57980
P17612;P22694;P22612	1245.7	1260.4	882.49	1343.5	1286.2	1483.5	1234.1	573.2	0	34121
P17655	711.15	1058.4	853.68	748.4	4812.7	1322.6	1288.6	1169	0	27755
P17812	0	489.17	701.11	657.46	488.08	643.83	752.18	674.64	0	20818
P17844	22875	34117	22000	24971	27528	31382	28730	55809	1405.2	1884000
P17858;P08237	1127.1	1868.5	2639.3	1514.8	3484.6	2710	1451	1764	0	61956
P17931	2718.9	4561.6	3700.9	5206.3	5059.7	4905.5	3384.4	8193.1	0	267360
P17980	0	0	0	0	0	0	0	0	0	0
P17987	5645.8	9736.2	8491	6279.7	9195.9	18927	7967.3	17866	0	483750
P18077	6650.8	12654	6008.4	7090.1	5212.5	24244	5372.3	15417	0	540610
P18085	0	0	0	0	0	0	0	0	0	0
P18124;Q9Y4A5	6947.3	9702.4	5737.6	4822.7	9256.9	5750.3	5335.3	15366	420.83	454320
P18206	10149	14778	10700	7904.1	15257	19941	10589	15102	0	539740
P18564	2321.9	2240.8	2320.1	2424.2	1512.6	2517.1	1897.9	3920.6	0	155420
P18621	6983.4	10816	7314.9	7496	6256.3	9055.3	8145.5	14508	271.88	524180
P18669;P15259;Q8N0Y7	4708.6	8154.2	12919	7903.7	7687.8	9146.1	11304	20802	342.12	652480
P18754	0	0	0	0	0	0	0	0	0	0
P19022	428.54	1556.2	1656.1	849.14	745.46	1093.5	1147.2	614.8	0	25924
P19338	7925.9	18520	15148	10766	12139	13140	17353	23885	314.36	1041200
P19367	867.26	1740.9	890.58	1250.9	1799.5	2188	2168.3	3080.2	0	113440
P19404	0	0	0	0	0	0	0	0	0	0
P19623	2269.9	3097.4	1537.9	2464.1	2772.6	2222.8	1560.5	2468.6	0	79307
P19878	1413.3	808.16	1217.8	1283.5	1516.8	1457.6	1364.1	3499.1	0	121880
P20042	2451.3	4331.2	3909.6	3954.9	3128.7	4623.7	4386.5	6504.6	0	165550
P20073	0	0	0	0	0	0	0	0	0	0
P20290	849.38	2011.1	1472.9	895.9	1284.3	1584.3	2530.3	961.77	0	34603
Q9NRW1;P20340;Q14964	1640.4	2319.8	2054.6	2230.1	3733.9	2850.3	1724.7	3542.6	0	109830
P20618	960.71	2536.2	3873.2	2651.1	5097.7	6288.1	5235.7	4230.2	351.32	109240
P20674	3081.5	5863.2	3470.9	3717.2	2798.9	6446.7	3804.3	5557.1	0	249310
P20700;Q03252	8405.7	25613	12345	22231	18902	17460	14343	25016	456.7	779350
P20962	1164.3	1770.6	1660.4	1037.2	2871.4	2211.2	1420.1	2908.2	0	84353
Q9UQ88;P21127	0	0	0	0	0	0	0	0	0	0
P21281;P15313	2072.4	2235	3826.9	2302	3179.6	4645.9	3634.4	4924.8	0	118030
P21283	440.14	540.77	942.27	551.24	978.82	775.73	816.08	1183.3	0	35398
P21291	0	344.05	533.25	827.17	585.34	980.05	2008.6	3018	0	105850
P21333	52906	77131	60275	50697	82722	112180	56378	123060	1690.1	3619900
P21397	1163.2	2076.4	623.59	388.3	980.64	1926.1	1737.6	3513.8	0	99500
P21796	14080	15543	15265	12883	15534	15553	18863	34407	0	1084000
P21912	1314	2531.1	2913.7	2540	3384	3784.8	2465.7	4338.5	0	116360
P22087	1842.1	4034.9	3421.4	5588.1	3024.6	5431.2	2614.1	5783.4	290.69	194250
P22102	0	0	0	0	0	0	0	0	0	0
P22234	1525.2	1890.5	953.08	935.71	840.08	1576.8	1485.1	4063.4	0	114380
P22307	2485.6	5104.6	3698.4	3815.6	9079.6	4808	5047.3	12738	424.78	421870
P22314	11562	21060	17010	14096	12276	23661	18547	24983	329.85	900360
P22392;O60361	28362	44753	23380	21680	19896	29458	18108	43015	1213.4	1263200
P22626	23884	39448	28458	26698	31773	41113	37603	72734	681.07	2206900
P22695	0	0	0	0	0	361.37	737.52	545.61	0	17788
P23193	957.4	1547.1	1447.2	1041.4	967.46	1272.9	1228.4	1752.2	0	38841
P23246	5042.3	9205	7736.5	7292.3	7723.6	9207.6	11016	16685	0	711710
P23284	4918.7	9034.3	7120.3	6857.3	7458.6	6206.2	9496.3	15018	385.06	364980
P23396	22519	39187	22792	21611	18505	30151	21337	45068	602.69	1594900
P23526	3714.7	4800.8	4259.8	3824.1	5193.9	7108.6	4092.7	5493.7	0	193440
P23528	35295	42466	25269	25352	20959	28369	26094	34999	992.74	1120800
P23588	0	327.7	454.08	0	489.61	334.46	563.61	547.64	0	26686
P23921	887.11	1251.2	660.92	431.69	394.59	1679.4	673.8	654.47	0	32175
P24534	9766.5	15676	9596.9	5993.4	7185.6	8071.7	7155.7	18065	0	504730
P24752	1250.9	3552.3	3906.4	3659.8	4699.4	3021	3092.4	4903.7	0	189460
P25205	690.95	0	857.01	688.14	558.71	1027.6	1057.7	1582.1	0	66015
P25398	11987	14923	15079	11351	9067.8	14072	22985	39544	1723.3	1346900
P25705;REV__O00522;REV__Q9Y5A7	18615	27656	23383	23233	26733	21659	46829	51067	1418.5	1789400
P25786	3869.2	6808.5	7362.5	6545.5	7071.2	7116.7	7452.5	10733	0	387580
P25787	5355.1	6515	7536.4	7052.6	7050.9	7835.2	9411.8	2452	0	40823
P25788	3327.8	5325.1	6551.2	3853.3	4900.1	5150.3	15064	7484.2	0	254520
P25789	3736.7	4119.5	3549	2174.1	4448.4	4705.7	3944.3	5520	0	164440
P26038	26218	22429	11597	14193	14806	15715	15905	36459	433.04	1273400
P26196	0	0	0	0	0	0	0	0	0	0
P26368	3805.3	5091.9	6718.1	4772.7	4612.2	3961.7	2880.8	4169.7	0	129950
P26373	12813	20189	15407	12588	9182	15924	11863	24416	418.32	793450
P26447	14407	19680	19198	27822	9133.1	15079	20388	38340	1248.1	1524300
P26599;O95758	3640.4	5079.9	5235.4	5349.5	4298	5805.8	8705.6	4701.1	0	121020
P26639	738.03	1768.9	1087.9	615.66	1054.1	1719.9	888.67	705.6	0	32136
P26640	418.89	685.05	682.54	371.66	726.05	659.08	353.55	394.83	0	11753
P26641	21600	28934	15007	15223	15490	23394	18476	28138	445.57	1078400
P26885	784.15	1239.6	2716	1107	1043.8	1270.6	1894.7	1180.4	0	34174
P27105	0	0	0	0	0	0	0	0	0	0
P27338	1399.6	1254.4	651.92	0	452.27	1109.3	2088.5	3744.3	0	112950
P27348	1501.4	3404.7	2614.2	1738.3	2571.5	3042.6	1838.6	3528.5	0	127750
P27635;Q96L21	6105.1	9240.9	6428.4	6423.8	5803.7	6549.6	6597.4	11838	0	484870
P27695	785.34	1268.2	1450.1	494.82	1567.8	3233.6	1319.1	1857.8	0	61530
P27708	0	0	0	0	0	0	0	0	0	0
P27797	9331.5	13178	11605	7905	9909.3	10228	13785	32680	0	1165300
P27816	0	0	0	0	0	0	0	0	0	0
P27824	5728.7	11431	8781.6	7477.8	8445.6	11228	9466.2	12025	287.14	413130
P28066	1639.4	2935.9	3123.5	2095	2854.1	4832.2	4822.2	8052.6	0	262360
P28070	1272.8	1045.8	786.3	980.61	1005.5	1309.4	906.62	2518.7	0	84312
P28072	2260.7	2699.7	2928.8	2103.3	2871	3422.3	2214	3386.6	0	137610
P28074	1711.9	6662.4	3468.6	6923	8404.8	5971.2	2204.9	3027.6	0	86580
P28300	0	0	0	0	0	0	0	0	0	0
P28331	1484	1733.7	2351.1	2226.3	2484.7	1452.6	2271.1	1951.9	0	50202
P28482	0	0	0	0	0	0	0	0	0	0
P28799	261.25	0	306.41	299.16	448.74	0	0	302.43	0	5965.7
P28838	827.64	685.71	680.85	734.99	1852.3	1088.7	712.67	1048.4	0	44182
P29350	2813.8	2765.8	4377.2	3880.2	4762.6	2761.6	3929.4	4821.8	0	162790
P29401	8909.4	12138	13922	14417	13437	13924	14198	24716	952.06	797150
P29692	7545.1	14895	8729.9	11803	10677	11599	17688	27157	1148.6	765780
P29966	510.82	587.6	697.64	485.91	1159.2	1017.1	375.94	597.48	0	20755
P30040	1029.7	3356.7	3316.1	2986.4	4475.3	3887	8860.7	3837.4	0	128270
P30041	523.85	1265.7	564.13	383.34	584.77	1119.3	373.26	1072	0	31080
P30044	3180.1	4282.1	3165.4	3094.4	4792.9	3395.6	3886.3	9528.1	0	359710
P30048	1853.1	1616.6	1731	1235.3	1803.3	2009.3	900.59	1361.7	0	38579
P30049	873.96	1643.3	694.92	959.29	806.5	1182.1	2302.4	4344.5	0	178820
P30050	5753.9	10369	6252.1	6345.2	5751.2	7998.7	4720.7	11192	0	316140
P30084	474.52	1337.1	496.22	691.07	831.9	680.76	1062.3	1241.7	0	38696
P30085	0	0	0	0	345.27	0	301.78	635.5	0	20792
P30086	0	0	0	0	0	0	0	0	0	0
P30101	19932	25775	34801	25827	25623	29231	38544	49670	1154.2	1856100
P30153;P30154	2248.6	4017.2	3079	2991.1	2808.3	3326.3	2568.5	3967.7	0	143790
P30419	550.82	743.58	354.89	712.61	1041.7	1154	1080.1	2483.4	0	60998
P30519	0	0	0	0	0	0	0	0	0	0
P30520	0	788.59	283.07	381	419.11	1294.2	547.81	790.99	0	26348
P30626	258.57	0	400.79	0	759.37	695.38	1109.1	1434.8	0	36277
P31040	1352.4	2898.8	3007.4	4303	2946.4	2345.9	2281.1	6348.7	0	172500
P31146	1822.4	4493	2872.8	7853.6	4712.7	2890.4	2707.8	5438	421.18	145690
P31153	362.62	558.88	393.08	0	645.27	372.55	0	922.55	0	25029
P31930	1458.2	3995.2	1900.1	1432.7	2617.8	2338	1923	4556.3	0	152360
P31939	1277.2	1787	1510.9	1233.5	1347.4	1732.3	2470.1	764.78	0	15676
P31943	5886.7	10266	9296.6	8735.7	9614.3	12215	9040.3	15883	357.61	502740
P31944	609.07	803.51	2287.7	827.53	4401.3	5162.2	769.73	426.25	0	10830
P31946	1641	3652.1	1749.5	2001.6	2277.8	2582.2	2666.9	2516	0	93334
P31947	1426.4	1728.1	908.87	1478.3	1170.3	1184.1	1225.4	2864.5	0	92312
P31948	7478.9	7943	9602.1	7465.5	10683	10813	6774.2	12060	0	423390
P31949	4775.1	5604.6	3427.6	3509.5	2253.4	3317.7	4920.8	10855	0	368660
P32004	0	0	0	0	0	0	0	0	0	0
P32322	334.31	796.98	535.01	561.51	576.31	747.88	801.09	1535.9	0	54164
P32969	0	0	0	0	0	0	0	0	0	0
P33991	1431.8	1578.6	1513.2	1663.3	1372.7	2235	1542.6	1266.9	0	33009
P33992	1494.5	2213.3	1016.2	1909.6	1867.7	5423	2639.3	4354.1	0	163780
P33993	0	0	0	0	0	0	0	0	0	0
P34897	16349	17013	20693	12065	14637	18979	13641	30705	0	983610
P34932	2303.2	5280.2	4184.9	4034.9	4131	5726.6	3863.7	5205.6	0	186220
P35221;P26232	1085.9	2238.9	1326.2	1560.4	1800.1	2728.4	2528.2	2613.3	322.43	62499
P35232	10857	15454	15976	12791	18154	20422	15739	26497	719.41	883630
P35241	1009.2	1880.5	1588.1	1047.1	1634.3	1924.4	1150.8	2543.6	0	84759
P35250	0	0	0	0	0	0	0	0	0	0
P35268	655.52	2391.1	1662.3	1887.5	1817.7	2834.9	2047.3	5150.5	0	98686
P35527;CON__P35527;CON__Q99456;Q99456	9729.3	12057	10425	10595	12503	150740	7717.4	10967	0	139010
P35579	73421	97442	40695	51913	66399	62900	55590	105240	1259	3774000
P35580	5172.9	7471.6	4795.3	5513.4	7892.3	6719.6	6870.7	10632	334.72	281080
P35606	2763	2825.4	3721.4	1788.7	2984.9	3713.6	4268.8	3431.1	0	114260
P35637;Q92804	5515.2	7778.3	5055.6	4826.5	6451.4	6737.3	9671.2	19639	558.72	737660
P35659	0	0	0	0	0	0	0	0	0	0
P35749	3379.5	3556.5	1026.8	1014.7	1672.9	3508	2310.6	5442.8	0	162170
P35998	3163.5	8597.3	4282	6278.2	3281.2	3269.4	3517.6	7762.2	0	208320
P36542	433.04	994	1127.4	806.38	1874.4	697.2	786.23	1000.2	0	36107
P36543;Q96A05	2487.1	4069.5	4566.7	3772.2	5412.3	7617	4165.8	5922.4	384.57	204340
P36551	0	550.02	437.92	441.09	715.81	725.41	0	665.88	0	18358
P36578	15430	21690	22963	16703	9523.2	15299	17894	41201	843.38	1353700
P36776	0	0	0	0	0	0	0	0	0	0
P36873;P62140	316.46	568.63	1005.3	442.91	803.58	776.21	691.31	550.57	0	30748
P36957	792.57	966.35	862.05	1434.7	1447.5	1450.2	1484	3604.4	0	91771
P37198	326.3	0	313.15	357.86	514.72	747.82	435.53	391.45	0	13247
P37802	7738.1	11076	6196.7	6884.4	4828.8	7463	4508.3	14738	681.91	411240
P37837	3161.8	4579.9	3449.1	5216.9	4413.6	4294.1	2362	5210.3	360.21	123860
P38117	1097.3	1438.2	1747.4	1583.1	3096.8	3679.6	1433.8	2466.8	0	109710
P38159;Q96E39;O75526;Q8N7X1	6082.9	8947.9	7410.7	7244.4	5946.1	8729.8	7799.5	13367	0	468660
P38606	2168.1	3349.6	2921.9	3708.5	5558.8	4651	5758.6	6816.7	0	185950
P38646	22937	33185	31195	23835	23975	34944	27906	55810	1882.4	1577000
P38919	1515.4	6712	2458.7	5473.3	2523.7	3911	4120.6	9859.9	345.62	307120
P39019	13045	24866	18992	19905	17015	23506	14810	20436	482.42	857320
P39023;Q92901	11182	19415	15635	10299	10904	15251	13601	25274	370.54	899590
P39656	4284.4	9665.7	5360.2	6659.3	6771.2	5580.9	6807.3	10583	0	386910
P39687;REV__Q9Y2X3;O95626;O43423	1235.6	2206.8	1870	2384.4	7481.7	1724.4	2519.8	3337.8	0	133700
P40121	0	0	0	0	0	0	0	0	0	0
P40227;Q92526	5755.7	9958.3	6498.7	6769.8	4464.3	7973.3	7834.1	13437	0	425730
P40394	0	0	0	0	0	0	0	0	0	0
P40429;Q6NVV1	9260.8	17530	9511.2	9892.7	10696	12476	5993.8	16938	0	544140
P40616	684.51	1684.6	1216.8	826.9	1477.2	1640.8	1116.6	801.28	0	42589
P40925	2037.7	3076.6	2373.5	1852.6	2207.4	2593.5	3147.6	4773.1	0	156030
P40926	17126	28746	17612	22615	24237	25979	28853	76361	1469.6	2332400
P40939	4830.9	5080.1	4373	4587	4869.5	5909.5	4569.4	8989.8	0	290340
P41091;Q2VIR3	1781.7	3105	1857.9	1849.3	3717.2	3054.9	2812.3	4968.7	0	135010
P41250	2040.6	4280	2200.2	1788.6	2069.2	3148.8	1102.6	3185.9	0	123790
P42167;P42166	1931.2	4415.1	1633	3270.8	2183.9	3451.7	2649.1	5006.4	0	138350
P42224	1128.7	1577.8	1792.2	1699.7	1487.4	1717.1	2563.8	957.98	0	40171
P42677	493.28	1244.7	992.93	741.51	1851.4	1818.1	851.26	1855.4	0	49507
P42765	0	0	0	0	0	0	0	0	0	0
P42766	5411.8	9382.8	7517.8	5029.9	6712	5692.8	3948.7	9474.7	352.39	265230
P43243	1766.2	4488.1	4117.9	2126.4	4815	6581.6	2711.3	3523	0	118750
P43304	668.57	733.65	802.54	548.81	681.11	881.22	1505.1	626.04	0	12742
P43307	3262	4600.4	3658.8	4472	3307.3	4431.5	4481	8521.9	379.93	337960
P43487	3357.6	4197.6	2736	2711.9	1884.1	4429.2	3304.9	7622.4	0	265430
P43686	2692.8	4567.2	3848.1	3187.3	6298.3	4664.5	5432.8	6090.3	0	234880
P43897	0	0	0	0	0	0	0	0	0	0
P45877	0	0	0	0	0	0	0	0	0	0
P45880	9897.7	15303	11915	13692	11628	20230	20109	29279	318.85	1058100
P45973	1022.5	1371.9	876.16	769.5	1335	533.73	1387.5	2963.3	0	84284
P45974	1104.1	2633.7	2091.3	1676.1	2252	3041.9	1938.3	3795.7	0	112880
P46013	0	0	0	0	0	0	0	0	0	0
P46060	462.87	438.5	399.29	348.71	440.38	0	509.75	1132.6	0	23535
P46459	864.06	1414.9	1182.8	1645.5	1909.2	903.96	1608	1010.4	0	53530
P46776	5281.4	6757.9	5818.8	4403.9	5198.4	5779.2	5822	13906	554.48	399900
P46777	13515	23310	16180	18087	19739	16370	12953	31756	799.52	939310
P46778	974.72	2007.4	1204.6	1037.2	1359	1017.3	2227.5	8693.8	479.32	191290
P46779	7876.9	12883	6636.7	8786.9	6416.2	9338.3	6038.4	10448	0	404410
P46781	16431	26137	17576	16479	14193	18601	20103	33226	996.51	1162900
P46782	14807	29042	22471	22897	33072	33535	17423	17318	589.97	581870
P46783;Q9NQ39	6469.6	11126	5757.2	7046.8	10538	10927	6764.1	13182	0	364600
P46940	5408.6	9122.9	7924.3	7305.3	6595.2	8016.4	7639	9244.6	275.22	260850
P46977	4658.2	8026.6	6828.2	6034.4	27355	10284	8901.1	13022	391.44	511160
P47755	4727.9	7602.6	5675.4	4211.6	4778.9	6414.9	3863.7	6419	0	217600
P47756	2066.1	2859.4	2790.6	1677.4	3313.9	5191.6	3352.5	8355	0	257620
P48047	681.77	686.89	540	724.05	325.44	587.57	943.07	1124.4	0	47871
P48147	0	0	0	0	0	0	0	0	0	0
P48444	449.79	1051	471.02	0	560.22	1059.2	531.42	1186.3	0	40845
P48643	5045	10336	7492.4	5827.2	7941.3	6875.2	7018.8	8455.4	286.48	302790
P48735	5151	12672	7120.5	36141	39676	10369	8998.9	18570	0	723870
P49006	781.73	1132.3	1124.7	878.84	1704.8	864.74	913.54	711.72	0	27002
P49189	0	0	0	0	0	0	0	0	0	0
P49207	7422.3	8932.1	5304	4427	4164.9	5246.6	2439.5	4362.5	0	154660
P49257	0	0	0	0	0	0	0	0	0	0
P49321	329.16	373.71	0	0	411	703.92	597.86	699.46	0	19087
P49368	18906	27415	22595	20720	27555	29537	25019	31104	815.9	1039300
P49411	2802.5	4441.8	3879.8	3224.1	3088.7	4905.7	4005	7376.2	0	265230
P49588	2589.5	3922.4	2467.1	1525.1	1451.9	2440.7	2892.3	4563.8	0	164510
P49591	5476.5	10658	7872	8548.6	9337.8	8476.6	5876.3	7001.3	0	310340
P49720	1007.2	2198.1	3085.4	1629.5	2347.2	2224.4	2294	1312.8	317.26	41270
P49721	2269.5	5104.5	4453	3330.6	4119.6	6233.2	3629.9	6811.8	0	214510
P49736	2953.4	8520.4	4968.9	6870.3	11094	10420	4834.4	8943.9	0	251900
Q86TX2;P49753	1063.1	1569.6	966.37	1213.5	914.27	1353.2	888.26	1375.8	0	49616
P49756	323.86	977.39	1029.8	546.34	1092.5	3617.5	358.59	507.23	0	19636
P49773	858.89	1459.2	962.2	1021.2	958.52	817.87	1402.9	2074.6	0	71237
P49821	606.46	742.18	943.72	782.6	1044.3	1546.7	1032.5	886.29	0	36789
P49915	0	0	0	0	0	0	0	0	0	0
P50213	2806	3661	2929.5	2471.5	4599	5066	3780.3	8140.4	0	252160
P50238	0	0	0	0	0	0	0	0	0	0
P50395;P31150	5155.6	5990.2	4891.2	5026.3	5062.2	6479.9	6498.6	10140	327.56	300060
P50440	0	0	0	0	0	0	0	0	0	0
P50454	16605	28807	11923	11036	13783	20960	15699	44695	1305.7	1464800
Q8IZP2;P50502;Q8NFI4	4682.9	7038.4	5689	3228.5	4112.2	5657	6941.3	11921	0	443730
P50552	599.41	1172.9	812.14	1177.7	728.99	1092.6	1602.1	645.69	0	48766
P50914	2528.8	2994.3	2164.6	1605.1	1148.2	1692.2	1231	1191.1	0	41724
P50990	16123	18632	17960	22515	12357	16802	18946	13577	979.8	452540
P50991	6803.1	13660	8909.2	8620.1	8394.8	10768	8751.3	21172	0	651860
P51114;Q06787;P51116	1959.7	4617.6	1855	1831.4	1614.3	3369.5	2893.2	5822.7	0	165050
P51148;P61020;P20339	0	0	0	0	0	0	0	0	0	0
P51149	9134.4	12435	8855.1	10181	9186.4	11059	9726.7	15517	260.46	528700
P51571	6081	6894.2	8235.7	3806.8	6044.9	7269.7	4561.8	5173.4	203.48	147020
P51572	0	0	0	0	0	0	0	0	0	0
P51610	0	461.83	432.77	0	760.24	328.76	342.93	504.14	0	16758
P51659	0	0	0	0	0	0	0	0	0	0
P51665	0	0	436.15	320.35	523.95	447.36	0	0	0	2701.4
P51858	2530.7	3542.3	4169.9	3733.1	5386.3	5227.9	4872.8	3801.8	0	161660
P51991	2225.9	3613.7	2664.1	2623.4	4200.3	4084.5	2984.7	4952.7	0	191700
P52209	2848.5	5602.2	9555.7	12571	7674.1	8829.3	7209.9	11040	0	425860
P52272	10947	15793	12223	10447	11146	12475	17236	37926	363.95	1154400
P52434	0	0	0	0	0	0	0	0	0	0
P52565	27836	39721	34958	32354	22925	33038	10701	24779	1376.1	458120
P52566	3813.7	7207.1	8520.3	5538.3	12779	6181.8	3903	4971.2	0	178350
P52597	18812	6372	7577.7	4045.1	3165.1	4738.2	5467.4	12072	516.51	487450
P52789	402.13	299.58	337.89	562.42	0	382.32	395.39	730.64	0	25031
P52907	954.12	1563.3	1554.4	1227.8	1797.2	1134.6	1430.6	1671.2	0	39467
P52926	0	0	0	0	0	0	0	0	0	0
P53367	0	0	0	0	0	0	0	0	0	0
P53597	626.37	1594.7	1612.7	1199.7	2663.9	1803.9	817.15	2981	0	61504
P53618	1496	1705.8	1370.9	1499.6	1082.9	1674.5	1724.5	1114	0	55417
P53621	1002.5	2359	1892.1	1528.5	2810.9	4799.1	2609.7	2517.6	348.89	74824
P53680	2337.8	3730.2	2738.5	4254.8	3894.3	3595.8	1468.3	3926.2	0	114880
P53999	848.17	1359.8	973.4	941.25	1340.2	1126.8	1298.6	1288.3	0	50714
P54136	1623.8	3038.1	2248.4	1958.3	3192.3	2521.8	2467.1	4880.4	0	181730
P54577	406.69	829.89	517.42	579.47	0	727.48	1445.5	1328.1	0	47118
P54578	343.31	786.58	911.19	541.28	1267.8	1279.7	0	600.95	0	16377
P54727;P54725	2370.4	4456.4	3127.4	3419.3	3834.7	5411.3	5033.2	9555.4	0	290850
P54819	1204.7	2042.2	900.8	1979.8	2092.2	5105.8	1588.8	2620.4	0	87058
P54886	5583.2	11611	12315	8747.2	13167	18078	10406	14581	0	428260
P54920	0	0	0	0	0	0	0	0	0	0
P55036	0	554.66	453.99	0	278.31	295.63	349.81	1302.4	0	20123
P55060	1595.4	16661	2925.2	3759	1827.5	2063.5	1553.8	3116.1	0	81838
P55061	0	0	0	0	0	0	0	0	0	0
P55072	20683	28162	27529	19140	32907	30411	30271	48053	1135.6	1618600
P55084	0	0	0	0	0	0	0	0	0	0
P55145	1730.2	1141.5	1276.1	911.66	2224.5	2104.5	2409.4	4732	0	157720
P55209;Q99733	7423.5	9652.1	7422.1	10839	6364.3	8014.8	7154	7664.7	0	236780
P55327	0	0	0	0	0	0	0	0	0	0
P55735	0	0	0	0	0	0	0	0	0	0
P55769	3829.7	6050.2	5399.7	6481.5	7039.8	5948	4417.1	8620.1	0	212610
P55795	0	0	0	0	0	0	271.95	0	0	5339.1
P55809	1430.1	3156.6	1952	2021.4	2927.1	3945.5	2483.1	5274.5	0	179230
P55884	6693.5	4410.7	3244.1	2014.5	4090	3520.2	3985.4	6363.6	0	186010
P56192	291.68	613.62	1252.6	538.99	757.69	971.56	527.75	1128	0	30140
P56211	0	0	0	0	0	0	0	0	0	0
Q5VTU8;P56381	1205.3	2884.7	1833.5	1631.3	1893.3	3378.3	1804	2285.3	0	100900
P56537	0	0	0	0	0	0	0	0	0	0
P56556	0	0	0	0	0	0	0	0	0	0
P59998	4078.6	6789.5	3415.5	4876.8	7451.9	2934.3	4547.7	6262.9	0	206850
P60174	10101	17706	21453	16678	15690	14317	15035	35069	299.47	1224300
P60228	1191	3444.3	3403.1	3345.4	3939.4	5785.1	3057.3	4456.5	0	140070
P60468	0	0	0	0	0	0	0	0	0	0
P60510	0	0	0	0	0	0	0	0	0	0
P60660;P14649	9734.5	12712	5979.3	6388.2	7415.1	10584	9966.4	18659	699.88	656240
P60709;Q6S8J3;Q562R1;A5A3E0;P0CG38;P0CG39;Q9BYX7	120010	152620	74319	81773	78005	100700	79410	195930	3998.2	7031600
P60842	24181	36757	25068	18787	18018	33045	22439	41245	800.96	1340800
P60866	2022.7	3347	1270.6	2364.1	2838.2	2456.1	2012.3	4735	275.88	167200
P60900	2843.5	4503	5429.5	2814	6788.4	8078.9	6006.1	9982.8	0	317010
P60903	2617.1	3058.1	2859.5	3352	4359.9	3638	9225.7	14052	302.29	544750
P60953;P17081;Q9H4E5	2652.8	2320.8	3080.6	2944.2	2625	4780.2	1721	4395.2	0	154080
P60981	492.24	1678.3	809.31	6097.7	1382.6	1800	1280.1	3707.4	0	89497
P61009	1369	1519.9	1276.3	1165.2	1296.7	2192.5	1327.5	3761.8	0	103760
P61011	0	0	0	0	0	0	0	0	0	0
P61019;Q8WUD1	1027	1345.8	1772.5	2079.6	2248.8	1965.3	2819.2	3597.6	0	127370
P61026	261.75	464.55	267.35	397.85	0	0	0	816.53	0	16652
P61081	0	0	0	0	0	0	0	0	0	0
P61086	0	0	0	0	330.27	979.02	249.89	0	0	12789
P61088;Q5JXB2	3242.7	5093.5	4210.6	2869.4	4602.1	4258.5	4051.9	6763.6	0	236800
P61106	2162.8	3951.2	3137	5570.5	3815.6	6208.1	2028.5	6307.6	0	153300
P61158;Q9P1U1	1995.6	2367.9	3201.6	2331.4	2750.3	2811.4	3930.4	7262.4	0	219210
P61160	1147.9	1571.6	941.3	1178.4	1063.3	1881.6	672.81	1590	0	34855
P61163;P42025	0	587.84	573.31	771.64	828.23	521.83	0	307.36	0	14680
P61201	0	0	0	0	0	0	0	0	0	0
P61204;P84077;P84085	3437.7	6077.3	5158	4176.4	5599.6	4251.2	5522.5	8692.3	0	205220
P61221	372.16	774.45	748.65	1052.8	534.55	588.34	589.22	888.96	0	24921
P61224;P62834;A6NIZ1	3358	4289.5	5394.6	4514.1	7480.7	6525.4	4797.3	10151	0	317510
P61247	82415	114410	75897	71016	62648	112820	38920	49741	1814.2	1318200
P61254;Q9UNX3;Q2PPJ7	7761.9	32719	17440	8226.3	17795	8848.8	8055.5	13799	386.68	423360
P61289	897.22	1644.9	1326.9	1335.7	3103.5	1288.3	1261.9	789.57	0	44536
P61313	13860	20432	17150	15315	14311	21772	9587.2	23308	853.83	707440
P61326;Q96A72	733.13	1820.4	1310.1	1161.6	1922.6	2021.6	2651.6	4170.1	0	164390
P61353	5777.5	10018	7534	7208.5	8529	6747.1	6154.5	15271	0	502560
P61421	1135.7	1791.2	1818.4	1490.2	3288.7	2791.2	1604.2	1942.1	0	87590
P61513;A6NKH3;P17405	1508.9	3106.6	3211.3	1925	4777.5	4339.2	5827	10985	0	349670
P61604	13448	26646	8640.4	10877	11878	13254	9787.2	22368	349.38	1002200
P61619;Q9H9S3	4520.7	7790.5	3864.8	3997.5	5202.1	7146	3906.6	7186.5	0	255800
P61626	0	0	0	0	0	0	0	0	0	0
P61803	1606.2	2559.8	2317.5	1961.6	2976	3490	3431.4	4062.4	0	119840
P61916	556.29	453.46	909.36	0	560.32	1002.3	1443.2	2849.4	0	99999
P61956;Q6EEV6;P55854	3645.9	4859.7	3875.9	4081.2	4459.7	5651.9	3053.1	12131	0	319180
P61978	9779.3	16132	14965	10482	14691	24995	14215	23659	0	737950
P61981	4208.5	4567.6	4402.2	3475.2	4168	4169	5240.2	6403.3	417.79	213270
P62081	12020	12199	8285.6	6149.3	9110.3	8871.8	5571.5	13012	0	334750
P62136	6174.2	9010.7	9167.2	8433.2	11035	12347	7490.8	15562	0	462600
P62191	941.12	1347.1	2002.8	1550	1733.5	1828.5	1783.7	3533.6	307.52	113100
P62195;Q8NB90	1816	3474.9	4035.1	2867.2	6444.2	6802.2	2875.9	5295.1	0	130260
P62241	12093	17601	14959	13543	12030	12507	15932	40396	775.05	1190400
P62244	1517.4	1652	1501.3	3763	2104.2	866.47	2217.7	1123.8	0	35437
P62249	2712.1	4477.2	3773.5	3808.9	2193.9	4169.5	2942.6	4980.2	0	160420
P62258	15110	23019	17264	15664	21945	38178	19165	45657	0	1485800
P62263	5443.1	7743	6676.9	5845	4544.1	5425.7	4223.5	11950	323.79	436900
P62266	12221	22562	15733	14877	13931	14841	9703.9	22793	283.28	679720
P62269	10564	18827	12724	10955	10714	16131	9789	21649	686.8	811440
P62273	0	0	0	0	0	0	0	0	0	0
P62277	3809.4	6163.9	4187.7	3456.6	3804.6	4871.5	4603.8	10604	0	476120
P62280	14369	21628	13265	12787	12693	17348	13855	26822	0	892450
P62304	408.66	1126.6	711.32	542.4	1249.6	568.8	606.22	656.97	0	23184
P62314	547.85	1554.6	1069.8	766.37	1097.7	830.29	462.51	1489.7	0	44551
P62316	419.38	726.59	330.4	325.18	490.03	1074.3	857.35	1533.8	0	46990
P62318	2417.1	2845.9	1431	2227.9	1730.4	2217.9	2381.6	4580.5	0	161860
P62328	0	0	0	0	0	0	0	0	0	0
P62333	954.15	1301.2	1479.1	1712	2738.2	2270	1496.8	3657.2	0	111400
P62424	13745	19065	14551	13645	13240	18454	17267	26365	795.56	848600
P62495	312.25	837.65	707.53	712.02	1799.7	2412.3	343.58	988.17	0	18749
P62633	2488.4	3389.1	3040.4	2631.4	3490.8	6561.7	3009.1	7447.8	303.57	207710
P62701;P22090;Q8TD47	10857	17392	11535	10859	7761.7	13447	11171	23817	0	995610
P67775;P62714	2021.7	3248.2	3247.1	2700.1	2985.3	3327.8	4198.6	6664.1	0	235600
P62736;P63267	1510.5	2748.5	3586.9	2627.8	2302.7	2160.2	1529.4	327.39	0	57455
P62750	10094	15695	8876	8647.6	6937	8617.3	7129.4	21500	0	698430
P62753	2766.6	5835.3	3563.8	3120.2	2446.9	4883	3504	6986.3	0	218680
P62805	36736	60821	55986	53361	40280	59804	22228	39101	463.97	1404300
P62820;Q9H0U4;Q92928;Q92930;P61006;P51153;P59190	11992	13740	11480	8893.7	19476	13939	13701	19872	308.88	725740
P62826	19783	24128	23311	15882	14038	18393	16292	29781	799.52	1180900
P62829	2963	4651.7	4558.6	3915.1	3782.7	5777	6346.6	9082.1	0	309710
P62841	2916.5	6126.8	7734.4	3858.9	6557.2	2297.1	1634.7	2989.1	0	89468
P62847	4320.1	8160.7	4473.3	4775.4	3214.4	4009	1420.1	1851.6	0	46038
P62851	12468	17843	10082	9808	6018.2	9382.1	13373	28679	1321.9	1160200
P62854;Q5JNZ5	10353	8881.3	7444.8	6644.7	8336.3	7967	6625.3	11963	359.59	313910
P62857	2855.3	6705.2	4725.4	4666.4	2578.5	3615.8	7093.4	12244	782.79	437460
P62861	10327	10989	12058	12369	10540	10100	19767	15876	2732.8	507820
P62873;P16520	896.59	1557.2	1857.6	1171.5	1871.4	1292.3	1224.3	1621.5	0	82916
P62877	0	0	0	0	0	0	0	0	0	0
P62879;Q9HAV0	6663.8	10698	10848	9779	29905	11728	10096	15290	0	487350
P62888	2239.6	2837.7	3212.7	2336.6	2765.8	3114.5	1843.7	2677.7	0	81051
Q59GN2;P62891	688.88	1432.7	1020.1	655.01	820.98	797.1	882.44	1719.1	0	34232
P62899	4109	9617.9	5790	5194.8	7406.9	6675.1	5435.4	12540	557.6	380470
P62906	3601.2	4920.9	4785.2	3010.5	7494.5	4715.9	3075.2	6128.6	0	253560
P62910	14262	16927	12776	14447	12578	12113	16363	29232	2103.4	1024600
P62913	14320	23594	13219	16525	19935	17202	14083	23366	764.82	791080
P62917	10282	15390	11371	10720	10791	12464	10147	20384	0	703680
P62937;P0DN26;A0A0B4J2A2;A0A075B767;A0A075B759;Q9Y536;F5H284;P0DN37;O43447	40550	87903	38139	73224	51944	56190	43398	91022	3569.6	3256500
P62942	531.64	776.28	731.83	526.15	476.06	775.06	326.78	803.74	0	18476
P62993	0	0	0	0	0	0	0	0	0	0
P63010;Q10567	4939.4	13717	4840.9	4378.1	6242	8506.5	5895.6	10644	0	339090
Q15836;P63027	0	0	0	0	0	0	0	0	0	0
P63092;Q5JWF2;P11488;P19087;A8MTJ3;P38405	2304.5	3372.8	3977.2	2951.7	4201.8	4853	5261	6208.7	0	199090
P63098	0	633.97	332.74	0	0	647.66	0	1121.4	0	25743
P63104;REV__P53355	10980	20655	9916.2	15200	14246	14057	9948.3	23865	310.79	758980
P63167	2277.1	2870.8	3710.6	3784.7	2797	2564.6	3053	6218.5	0	206390
P63173	2753.5	5320.3	5001	3353.4	3618.9	3306.2	3752.8	5381.6	0	259140
P63208	617.79	1614.2	1010.4	835.58	1220.9	1616.1	1040.1	2659.5	0	96950
P63218	683.69	744.08	894.48	466.48	777.54	874.74	810.96	553.32	0	24225
P63220	0	0	0	0	0	0	0	0	0	0
P63241;Q6IS14;Q9GZV4	11057	18577	10696	10497	7114.2	15011	5617.4	20627	0	623610
P63244	5187.4	13426	9813.8	8867.9	8807.6	12585	9806.9	20964	495.76	611530
P63252	2436.9	2357.7	2840.7	3174.4	2144.6	2187.8	3566.9	4964.4	0	167640
P63261	0	0	0	0	0	0	0	0	0	0
P63279	2541.5	3733.7	3149.4	3006.5	3458.1	3859.8	3779.4	6692.4	0	222210
P67809;Q9Y2T7;P16989	2365.3	8949.1	4638.2	4584.5	7501.7	3885.8	4158.3	7281.3	0	287440
P67870	1476.1	1322	1621.2	1393.8	1997.3	1598.3	750.58	1041.1	0	28957
P67936;Q2TAC2	6267.5	10230	5186.4	6055.4	4856	7587.7	4540.8	7949.1	0	303320
P68032;P68133	4904.6	6617.6	7234	4340	12394	5091.8	7864.6	22041	512.09	682750
P68036	1323.1	1146.1	1305.7	1646.8	1661.9	1668.3	954.96	2173.1	0	69292
P68104;Q5VTE0;Q05639	77569	113180	73121	63085	53455	70435	49862	107450	5230.8	3291000
P68363;P68366	5441.7	4686.6	3466.7	3351.1	2223.6	4067.9	4023.5	11161	0	430070
P68371;P04350	3161.7	5501.8	2719.4	6010.7	11114	3402.7	2831.1	5340.8	0	203760
Q8NEV1;P68400	0	0	0	0	0	0	0	0	0	0
P68402	532.75	2104	2429.7	2451.7	12996	2850.8	1180.2	1332.1	0	38394
Q71DI3;Q16695;P84243;P68431;Q6NXT2;P0DPK2;P0DPK5	107820	147070	133560	126430	88268	131110	37636	78322	3406.8	2969600
P78344	0	0	0	0	0	0	0	0	0	0
P78371	8067.6	14528	10102	9123	8985.2	10092	8771.9	14825	0	503420
P81605	3054.2	8047.8	7439.3	2419.4	3702.2	5456.3	2108.6	1478.5	0	70893
P82979	0	0	0	0	0	0	0	0	0	0
P83731	14041	22114	13439	13892	9197.3	15361	13069	21029	372.19	806500
P83881;Q969Q0	4851.3	7419.2	4050.2	3719.4	4318.3	5659.1	4063.1	10884	493.03	324530
P84074	306.23	0	276.06	372.76	0	1324.7	710.84	832.86	0	25704
P84090	1713.7	3299.2	1920.2	2703.5	2411.8	2625.1	2897	6144.9	329.25	214050
P84095	0	0	0	0	0	0	0	0	0	0
P84098	3157.3	5484.3	4449.8	3262.4	3306.3	4096.7	4456.6	6979.2	0	305600
P84103	5549.4	9358.4	8501.4	6102.8	8142.3	10234	9695.1	16937	0	501310
P98095	1315.4	1727.7	3254.2	1135.3	3102.8	2852.4	3967.9	7653	0	298270
P98160	3045.5	4901.1	3396.7	3836.4	2830.2	4585.5	3579.8	8525.7	0	232880
P98179	0	0	0	0	0	0	0	0	0	0
Q00325	5418.6	9309.7	3670.2	4315	4125.4	6073.2	7216.7	16627	622.32	616230
Q00341	5432.7	10614	8287.6	7677.7	9487.1	8982.5	11953	13591	0	442150
Q00526;P06493;P24941	276.98	473.35	328.33	398.7	660.12	743.8	0	1139.3	0	43495
Q00610;P53675	48421	49104	39710	35253	39804	52085	31458	58895	0	1846700
Q00839	12373	15841	17267	18490	15831	14545	14152	21646	361.06	843420
Q01082;P11277;O15020	9608.4	21604	13087	15894	21196	18643	14354	14944	300.3	495100
Q01105;P0DME0	12157	19066	13592	14493	10230	13318	10207	24238	733.75	783480
Q01130;Q9BRL6	2169.7	2346.1	3007.7	4768.3	2158.2	4884.7	2908.1	5018.9	0	223430
Q01518;P40123	5247.4	8109	6419.4	6112.7	7351.3	6564.4	8981.5	11511	0	376940
Q01813	0	0	0	0	0	0	0	0	0	0
Q01844	2021.3	2041	2344.8	1965.4	2951.4	3181.1	2259.8	3459.7	0	114790
Q02218;Q9ULD0	1890.1	3437.4	3090.9	1722.1	5104.7	3310	2898.2	4698	0	157080
Q02413	618.84	2599.2	1669.3	2345	2186.7	13804	1377.1	1242.3	0	23464
Q02543	12692	38742	14799	35402	19931	16589	11555	14436	0	507810
Q02790	2300	3128.5	3115.3	3138.3	1792.6	2565.5	2153	3275.3	0	148010
Q02809	372.26	1283.2	1226.1	924.46	1424.3	2073.2	1077.8	1319.5	0	40612
Q02818	1113.1	3189	3107.3	1667.6	3771.4	3995.5	2644.3	5756.9	0	102040
Q02878;REV__O75323	6571.7	13380	12783	8198.8	15915	23054	10085	27795	377.26	849300
Q02978	559	665.65	744.65	1016.9	667.72	1340.3	1141.9	1542.2	301.83	54844
Q03135;P56539	4001.6	3759.4	2734	2715.2	2974.9	3894.6	2808.3	9996.6	0	258310
Q04637	1087.8	2943.6	2067.8	2580.4	2958.6	2580.7	1293.7	1669.3	0	53220
Q04760	3458.6	4919	2193.8	2483.9	3338	3109.6	2701.2	7319.2	398.14	198190
Q04837	0	0	0	0	0	0	0	0	0	0
Q04917	11550	14059	18855	16825	15407	17165	17296	6372.7	0	169780
Q05519	1134.7	2441.8	1556.2	1298.7	1991.2	1899.7	1529.8	4151.7	0	123530
Q05682	2686.9	2806.6	2491.3	1626	1589	2063.5	2272.2	3608.6	0	153250
Q06323	2913.2	2709.2	2654.3	2440.2	5640	5161.4	4574.7	4563.6	268.35	141530
Q06330	0	0	0	0	0	0	0	0	0	0
Q06830	17464	20943	16009	16906	12527	28616	16677	40197	0	1385200
Q07020	8303.7	15980	9392.9	7452.9	8806.7	9494.4	6842.7	14414	355.38	494730
Q07065	3919.7	8447.7	6244.3	6274.5	7421.6	10537	6215.8	6546.4	276.89	224830
Q07666	1124	3300.5	2393.2	3927.2	2410.9	2323.3	1910.1	2055.3	0	78235
Q07954;O75581;O75197	5384.6	7833.4	7710.4	7588.9	8285.6	11886	9582.3	12107	336.78	348800
Q07955	6937.2	10480	9321.7	11229	11783	15067	7596.6	15315	0	507520
Q07960	727.09	1609.8	362.28	966.65	731.47	1016.8	597.77	2179.1	0	56104
Q08211	6469	10261	9163.1	7918.7	7957.2	11025	8829.2	17030	420.02	558620
Q08752	3113.2	6546.4	5450.8	4622.7	8920	6359	5573.3	9645.2	0	331020
Q08945	2053	2747.9	2665.1	2871.1	2173.6	2575.9	2775.3	4382.7	591.69	156100
Q09028	2292.9	2540.1	3068.9	3462.3	3598.9	8021.1	4066.1	9115.3	0	264670
Q09666	39665	52220	54323	34264	43798	53368	45244	105510	1414.6	3253300
Q10713	0	0	0	0	0	0	0	0	0	0
Q12792;Q6IBS0	0	0	0	0	0	0	0	0	0	0
Q12874	0	0	0	0	0	0	0	0	0	0
Q12904	1057.6	814.64	1472.9	1498.1	935.22	2091.5	1249.8	1531.5	0	57371
Q12905	0	0	0	0	0	0	0	0	0	0
Q12906	2149.7	3326.5	2423.7	2522.6	5183.3	4351.2	3154.6	4150.4	0	122550
Q12907	0	0	0	0	0	0	0	0	0	0
Q12931	435.12	2627.3	2990.3	2046.6	9154.5	1061.6	1558.3	3715.6	394.38	116480
Q13045	0	0	0	0	0	0	0	0	0	0
Q13098	0	0	0	0	0	0	0	0	0	0
Q13126	787.01	658.11	826.7	658.79	660.59	1250.1	773.14	1248.7	0	52025
Q13148	1381.5	2545.1	1791.1	2094	1656.4	1695.8	1162.7	3032.2	0	80082
Q13151	5087	8274.9	6106.4	7098.5	15976	7515.5	13331	26062	0	1250200
Q13155	0	0	0	0	0	0	0	0	0	0
Q13162	5764.9	5703.5	5309.5	5009.4	6063.7	7141.5	4067.7	10003	0	366450
Q13185	2846.1	3690.9	2341.8	2995.5	2467.8	6339.5	3162.5	6052.4	0	201450
Q13200	2977.5	3568.3	2580.3	2238.6	3612.5	4526.2	3058.6	4473.6	0	181250
Q13217	0	0	0	0	0	0	0	0	0	0
Q13242	1511.1	3470.8	2648.7	1593	2603.3	3144.6	2772	3493.2	0	88314
Q13243	0	0	0	0	0	0	0	0	0	0
Q13247;Q08170	4157.1	7646.9	6528.9	6252.2	6013.8	5433	5291.7	8038.7	0	268540
Q13257	0	0	0	0	0	0	0	0	0	0
Q13263	4848.9	7822.2	6706.2	6130.3	8189.5	7336.7	5813.7	11476	0	358880
Q13283	1732.8	1744	1875.2	1586.3	1611.6	2156.4	1263.4	3335.6	0	88798
Q13308	0	0	0	0	0	0	0	0	0	0
Q13310	365.52	884.09	510.54	716.98	0	283.42	759.94	1036.3	0	43396
Q13347	6086.9	9492.9	13118	7043.2	6549	8504.2	7668.1	10555	0	419750
Q13423	2672.2	2750.9	2833.3	2727.1	4451.4	2006.1	2178.1	4463.2	0	94047
Q13435	1301.5	2170.8	2036	2351.3	1714.8	1841.5	1668	3523.6	0	98150
Q13492	1387.9	2015.2	2438	513.08	2160	2239.5	1953.1	3346.6	437.22	80222
Q13501	0	0	0	0	0	0	0	0	0	0
Q13509	2083.4	3248.6	2745.5	2887.2	2538.8	2999.2	2422.6	2893	0	59637
Q13547;Q92769	1375.7	2685.3	2034.7	1624.8	3350	3274.4	2673	3856.3	0	100220
Q13576	0	0	0	0	0	0	0	0	0	0
Q13740	327.33	795.82	1642.5	530.42	710.95	1403.8	982.22	1170.9	0	24295
Q13813	21534	30203	21408	19441	36771	28878	35228	36425	817.9	1151800
Q13838	12366	29138	17564	23236	22742	26294	20419	37313	1010.8	1362500
Q13885	0	0	0	0	0	0	0	0	0	0
Q14019	725.83	1571.7	800.26	975.44	1618.2	1017.1	1163.8	2512.4	0	81353
Q14103	6967.1	8419.9	7567.6	6526.1	10361	10442	15722	40283	1533.6	1502300
Q14152	3030.6	5009.2	4668.4	5436.6	9630.1	5507.5	3696.7	5477.4	0	175440
Q14157	0	0	0	0	409.63	713.01	411.74	330.04	0	9033.4
Q14166	0	0	0	0	785.16	727.31	520.56	771.53	0	16886
Q14203	0	0	0	0	0	0	0	0	0	0
Q14204	3281.8	6295	4436.9	4618.8	5375.2	7786.4	4852.8	7594.3	0	217340
Q14240	0	697.13	399.46	444.62	1205.3	446.04	181.21	0	0	624.66
Q14247	726.64	1949.4	1666.6	1050.5	1044.2	3530	1410.7	2154.2	0	70309
Q14257	0	0	0	0	0	0	0	0	0	0
Q14315	6380.3	13949	10595	7730.4	10974	14918	9707.1	15357	0	471300
Q14444	1260.1	2300.5	2447.5	304.87	1847.3	2195.2	1529.4	2728.4	0	129730
Q14498	1489.1	4646.3	2271.1	1456	2582	2204.5	1344	1713.9	0	55683
Q14566	0	0	0	0	0	0	0	0	0	0
Q14573;Q14643	0	334.85	0	0	330.72	0	281.1	854.55	0	20735
Q14696	410.84	356.66	0	0	422.05	404.66	738.99	2094.6	0	67188
Q14697	2657.7	3655.4	5013.6	2902.9	3278.3	6266.7	5699.5	11607	0	291670
Q14764	3041.7	3719.6	3615	3029.1	3501	3409.2	3528.6	4511.2	0	170420
Q14839;Q8TDI0	0	0	890.89	506.69	554.84	547.73	786.92	1473	0	35400
Q14847	700.41	668.76	1089.2	783.82	671.98	1058.4	1134.9	969.23	0	40668
Q14934	2860.4	4353.2	2691.5	2302.4	1753.5	2166.3	2299.1	3264.7	0	140460
Q14974	5914.9	11114	5431.8	5820.1	8343.1	9485.9	5353.6	11187	0	343250
Q14978	721.66	2454.7	1414.8	848.33	869.22	1981.7	876.63	605.64	0	36966
Q14980	431.06	794.33	933.49	364.86	1449.2	1496.8	718.24	811.02	0	25921
Q15006	0	0	0	0	0	0	0	0	0	0
Q15008	545.69	598.68	648.46	620.75	422.37	956.18	741.7	934.74	0	47026
Q15019	620.55	2285.7	1746.3	1180.2	1134.2	1999.4	794.3	2058.9	0	53273
Q15029	2230	4215.4	3713.6	4660.9	5941.6	2863	1809.1	5064.3	0	141060
Q15046	2207.3	2101.2	2754.6	2448	2870.2	5228.6	1757.8	3262.8	320.1	112230
Q15056	638.15	1363.8	1239.3	850.6	1103.1	1203.6	1407.6	1465.2	0	52707
Q15084	4105.3	10667	8743.7	8028.2	17345	12407	13540	17702	288.85	605810
Q15121	0	0	0	0	0	0	0	0	0	0
Q15149;P58107	72202	67434	62343	54369	72036	91753	88729	95637	1869	3184000
Q15181	0	0	0	0	0	801.69	0	370.23	0	14840
Q15185	4510.3	7707.6	8468.5	7129.8	7152.8	17840	6167.5	12967	309.96	437350
Q15233	3305	5876.8	5260.2	4643.7	4377.4	5763.7	8837.9	14501	0	548670
Q15286	0	0	0	0	0	0	0	0	0	0
Q15287	0	0	0	0	0	0	0	0	0	0
Q15365;P57723	8500.5	12147	10268	7197.2	10680	15217	11231	20151	0	680230
Q15366;P57721	8621.3	10327	7686	7431.5	8643.9	10435	8564.8	20896	514.24	594050
Q15369	289.27	776.24	670.06	745.44	602.1	642.95	0	761.4	0	22787
Q15370	0	624.52	376.07	423.93	809.22	1734.6	1652	1072.9	0	18993
Q15388	370.39	506.39	0	0	518.99	404.81	668.1	940.22	0	29135
Q15393	3368.1	6716.9	6182.8	4738.3	9574.9	6214.8	5212.5	10257	0	282280
Q15424	0	0	0	0	0	0	0	0	0	0
Q15427	0	926.62	388.63	888.31	1178.1	993.38	552.41	1265.6	0	22492
Q15437	0	0	0	0	0	0	0	0	0	0
Q15637	1083.2	1674.5	1193.3	1350.3	1574.2	2311.2	1754.4	3123.6	0	108160
Q15691	0	0	0	0	489.75	0	571.93	0	0	4437.7
Q15717	2374.1	3158.1	4198	2683.1	2572.5	3726.6	3904.8	6365.1	0	171620
Q15819	571.86	1449.2	639.65	558.74	1081.7	1498.1	392.3	1906.9	0	44749
Q15907;P62491;P57735	9610.4	12580	11303	11885	12948	14180	12077	19191	330.56	641430
Q16181;Q6ZU15	1210.5	2059.4	864.62	1542.5	1151.5	2197.4	1754.9	3913.1	0	96745
Q16186	0	0	0	0	0	0	0	0	0	0
Q16531	3095.5	12363	3767.8	3820.1	3858.2	3249	2867.3	5185.7	0	164730
Q16543	1014.5	1367.6	1990.4	1613.9	1348.9	1729.6	1035.9	992.84	0	44836
Q16555	970.93	1632.7	1306.8	1690.5	1240.1	1275.1	938.21	1698.5	0	64963
Q16576	413.91	1128.5	335.93	440.9	691.33	1045.2	1008.4	3347.9	0	101220
Q16595	0	0	0	0	0	0	0	0	0	0
Q16629	1008.4	2887.7	1764.5	1612.2	1804.7	2230.9	2483.8	5086.2	0	198050
Q16643	3395.8	3528.2	930.76	816.67	1612.2	1997.6	787.22	309.02	0	34730
Q16647	0	0	0	0	0	0	0	0	0	0
Q16658	22561	26854	11966	8262.2	13529	18983	11028	20214	895.38	698920
Q16678	0	1002.8	1099.4	268.85	0	1377.3	1089	1733.7	0	51788
Q16698	0	0	313.97	300.27	1149.6	1142.9	0	1405.3	0	34905
Q16799	2072.5	2693.1	1371.2	995.04	1367.4	1372	2530.8	4851	0	185460
Q16822	2015.4	3860.7	7677.7	3246.7	13689	6716.1	1960.5	4476.7	0	127430
Q16851	0	0	0	0	0	0	0	0	0	0
Q16864	1081.2	1676.4	1162.2	1056.2	1282.6	1533.5	1876	3436.8	0	81881
Q16881	0	0	0	0	0	0	0	0	0	0
Q16891	980.97	2456.8	2409.1	2338.2	7118.1	2616.3	2348	4064.1	0	133260
Q1KMD3	1781.5	2944.3	2807.3	2600.7	3004.3	2557.6	3494.6	7584.6	346.21	148650
Q32P28	1073.2	2454.4	1058.4	822.19	975.22	1104.7	496.57	1324.3	0	47633
Q3MHD2	307.82	309.19	0	388.25	437	0	556.43	786.99	0	21533
Q3SY69;O75891	2431.8	3577.8	1908.5	1607.2	1515.6	1268.9	2099.2	4289.2	0	142550
Q3ZCM7	1375	2493.7	830.81	1476.9	1345.7	1149.7	491.25	1443.1	0	21403
Q4VC31	0	0	0	0	0	0	0	0	0	0
Q53LP3	0	0	0	0	0	0	0	0	0	0
Q58FF6	2328.2	2347.2	2605.6	3627	2955.5	2497.4	7062.3	15889	0	547550
Q58FF8	0	0	0	0	0	0	0	0	0	0
Q5JRX3	0	0	0	0	0	0	0	0	0	0
Q5M9N0	0	549.18	468.5	351.58	510.57	454.36	2272.6	6794.2	0	237460
Q5SSJ5	595.22	1461.2	821.7	544.7	1169.2	1014.5	833.17	1116.3	0	42003
Q5T749	4793.1	20487	32251	16204	40107	53326	8355.7	7529	587.44	92161
Q5T750	2218.9	25699	26330	3671.4	53992	53723	3158.2	3269.9	340.26	50318
Q5VVW2	0	509.76	947.47	1298.2	16577	78262	0	8037.4	435.35	182930
Q9NR56;Q5VZF2;Q9NUK0	2960.5	3501.3	3495.2	3280.9	2948.8	4125.1	4280	5783.7	370.97	148940
Q63HR2;Q68CZ2;Q9HBL0	434.01	389.09	449.55	0	854.59	1089.4	526.61	786.91	0	23614
Q6DD88	0	0	0	0	0	0	0	420.67	0	19452
Q6FI13;Q99878;Q96KK5;Q16777;Q93077;P0C0S8;Q9BTM1;Q7L7L0;P20671;P04908;REV__Q8NB25	13058	23467	20117	22385	21781	21098	27079	59413	527.05	2243100
Q6NZI2	4407.2	6434.1	5318.2	6699.5	7345.1	6787.8	6792.3	14104	0	381690
Q6P1K1	0	0	0	0	0	0	0	0	0	0
Q6P2Q9	1615.2	2941.2	2735.6	2590.7	4189.5	2866.9	2774.4	3366	0	122780
Q6P5R6	3124	4546.8	2186.8	1853.5	2045.1	2137.5	1750.7	3711.1	0	151630
Q6PIU2	0	0	0	0	0	0	0	0	0	0
Q6UB35	424.09	1071.1	505.29	336.73	517.75	0	553.27	831.45	0	43873
Q6UXH1	0	480.77	397.08	0	396.61	507.8	960.48	852.56	0	31208
Q6WKZ4	2093.7	3298.1	3536.1	2079.1	2329	3252.3	3335.6	5840.7	0	309450
Q70E73	947.72	856.51	1066.4	589.7	386.44	771.82	1539.5	6119.2	0	144750
Q71U36;Q9BQE3;P0DPH8;P0DPH7;Q6PEY2;Q9NY65;A6NHL2	58468	83285	35332	38377	33933	47333	37096	74696	1234.4	2591200
Q71UM5	347.98	562.65	342.82	728	761.51	1485.3	957.6	1747.7	0	67314
Q7KZF4	11602	19636	13360	13202	17147	17701	16494	26596	594.94	835150
Q7L2H7	1445.5	2102.2	1563.1	4642	1996.1	2005.2	1122.8	1168.1	0	41727
Q7L576;Q96F07	2264.4	3401.4	4277	2989.2	2998.7	2423	4609.9	6868.6	0	333810
Q7RTV0	0	385.1	0	0	0	570.01	0	769.22	0	26647
Q7Z406	1960.2	2461.5	1025.2	1120.7	1711.4	1960	1279.6	2782.5	0	65669
Q7Z5H4	1159.1	1464.5	1656.2	1339	2042.9	2850.8	9852.1	18768	0	808840
Q86SX6	0	0	511.34	0	0	0	0	0	0	8561.1
Q86U42	0	0	0	0	0	0	0	0	0	0
Q86UP2	0	0	331.58	0	401.22	742.18	0	0	0	5162.8
Q86V81	1364	2276.6	1377.1	1753.8	1512	1839.2	1094.3	7184.3	416.86	124570
Q86VP6;O75155	746.2	3207.1	1528.7	1338.3	1975.4	4591.6	2624.2	3324.8	0	77445
Q86Y82	0	0	0	0	0	0	0	0	0	0
Q8IXB1	0	0	0	0	0	0	0	0	0	0
Q8IYT4	0	1433.9	523.03	633.54	2070.3	1451.1	709.89	3447.8	0	76952
Q8IZP0;Q9NYB9	0	0	0	0	0	0	0	0	0	0
Q8N1F7	0	820.37	760.05	359.85	458.48	1091.2	989.78	1047.5	0	37678
Q8N5M9	0	0	0	0	0	0	0	0	0	0
Q8NBS9	5367.7	17098	7454.1	12141	7713.3	4235.8	3729.3	7337	0	330980
Q8NBU5	0	827.13	995.21	331.73	596.98	1056.4	968.64	3827.3	0	85812
Q8NC51	4254.7	7521	5101.6	4298.8	3337.1	5881.5	4100	7011.2	0	221080
Q8NCW5	0	0	0	0	0	0	0	0	0	0
Q8NE01	0	0	0	0	0	0	0	0	0	0
Q8NEB9	0	0	0	0	0	0	0	0	0	0
Q8NI22	0	0	0	0	0	0	0	0	0	0
Q92922;Q8TAQ2	893.37	570.47	714.01	991.71	1158.9	702.5	982.24	942.12	0	21526
Q8TBQ9	637.78	868.02	340.15	415.92	1177.7	1973.6	620.78	772.22	0	24145
Q8WUF5	0	0	0	0	0	0	0	0	0	0
Q8WUM4	605.85	1324.6	999.56	879.71	1126	1204.8	560.64	464.65	0	14982
Q8WVC6	0	0	0	0	0	0	0	0	0	0
Q8WVJ2	0	0	0	0	0	0	0	0	0	0
Q92499	981.88	1988.2	2081.5	1620.1	1218.2	1889.8	2180	2755.2	0	86977
Q92598	597.88	1561.2	1060.2	935.45	1228.3	1685.4	2192.4	2326.8	0	88345
Q92621	608.27	729.98	575.16	798.96	1028	1347.8	1070.5	527.22	0	19903
Q92688	1082.6	795.42	1401.5	1247.1	1751.2	1159.6	2947.4	9924.2	0	289300
Q92734	0	0	0	0	0	0	0	0	0	0
Q92743	0	0	0	0	0	0	0	0	0	0
Q92841	2876.5	3357.2	2611	3303.5	2942.8	4333.7	2876.8	4708.9	305.97	166570
Q92896	1500.2	2996.1	3840.2	2636.8	5063.4	5609.5	2772	4156.3	0	149280
Q92900	0	0	0	0	0	0	0	0	0	0
Q92945	8270.7	14551	15089	10851	17578	18778	12064	17092	866.99	579840
Q92973;O14787	591.51	475.74	424.62	438.17	260.34	688.52	783.29	562.05	0	24162
Q93045	0	0	0	0	0	0	0	0	0	0
Q93050	409.81	749.94	388.43	0	304.35	1314.8	0	892.47	0	18409
Q969H8	0	0	0	0	0	0	0	0	0	0
Q969X5	1019.4	841.99	912.19	1121.9	895.88	1462.6	1054.7	1785.1	0	41119
Q96A26	0	0	0	0	0	0	0	0	0	0
Q96AE4	0	861.59	0	653.98	715.8	490.25	658.73	664.42	0	29821
Q96AE7	0	0	0	0	0	0	0	0	0	0
Q96AG4	4354.8	6256.8	4340.3	3307.8	3970.7	4453.5	5495	8909	0	277820
Q96AY3	343.46	1112.3	1281.1	771.9	1606.3	1560.9	1002	1801	0	43358
Q96B26	0	0	0	0	0	0	0	0	0	0
Q96BM9;Q9NVJ2	457.95	402.77	991.74	543.35	828.58	742.36	609.93	1900.7	0	58788
Q96C19	0	0	0	0	0	0	0	0	0	0
Q96C86	0	0	0	0	0	0	0	0	0	0
Q96CS3	0	0	0	0	0	0	0	0	0	0
Q96CW1	580.14	877.19	540.61	452.84	867.5	1184.8	0	628.24	0	20189
Q96DI7	0	0	0	0	0	0	0	0	0	0
Q96EP5	435.29	2125.7	746.32	8861.1	7944.5	699.59	879.42	1628.5	0	61409
Q96EY1	0	0	0	0	0	0	0	0	0	0
Q96FJ2	1030.9	1418.9	3244.9	1898.1	2840.5	2305.1	4075.9	4441.2	564.7	117890
Q96FW1	558.94	874.4	596.78	812.84	1271.8	1058.9	449.79	843.14	0	24989
Q96HC4	532.06	863.37	282.41	346.3	434.17	598.53	450.18	856.42	0	29180
Q96HE7;Q86YB8	1349.9	2170.4	686.63	1473.9	2302.9	2368.9	1945.3	2975.8	0	94462
Q96I24	465.77	812.86	867.27	800.17	1153.9	602.67	576.58	461.29	0	11454
Q96I99	901.78	2513.1	2414.4	2062.6	2377.3	2204.2	1916.1	4225.2	0	149820
Q96IX5	0	720.53	870.8	475.9	769.33	1414.8	495.85	1437	0	57021
Q96JB3	2180.3	2158.2	947.8	1114.7	0	667.73	1401.8	2483.5	0	94643
Q96K17	0	0	0	0	0	0	0	0	0	0
Q96K80	2600.8	6520.4	4349.7	9867.4	5084.2	4587.1	5108.5	13835	0	449390
Q96M86	0	0	0	0	0	0	0	0	0	0
Q96P70	0	0	0	0	0	0	0	0	0	0
Q96PK6	1198.5	1896.2	2200.8	1455.9	2272.6	3233.6	9497.9	5096.1	0	159710
Q96PU5	476.86	3369.1	1006.8	1871.8	2232	1479.3	884.95	805.04	0	33315
Q96QD8	0	915.94	0	0	0	483.12	633.21	598.05	0	33884
Q96QK1	3648.4	6575.7	3036.8	5234.6	3472.3	4376.8	4283.6	5122.4	0	147430
Q96QV6;Q8IUE6;P16104	0	0	0	0	0	0	0	0	0	0
Q96S97	1441	1596	982.05	1680.6	1375.1	1046.2	511.7	1125.4	0	38785
Q96TA1	1066.2	749.23	1131.1	846.9	366.65	1219.5	764.31	1193.4	0	42042
Q99439;Q15417	348.19	1685.8	1151.4	493.76	1789.9	2491.1	5984.3	3475.7	0	106400
Q99460	0	0	0	0	0	0	0	0	0	0
Q99497	2711.6	8581.9	4412.6	7356.7	5449.7	3019.5	3122.1	8732.3	372.22	247060
Q99536	2129.5	4412.5	1164.3	5685.9	19230	2689.1	1541.1	3024.6	0	92984
Q99623	7609.3	9658.7	6576.1	5566.1	9737.5	10536	7398.1	14688	0	463320
Q99700	0	0	0	0	0	0	0	0	0	0
Q99715	925.4	1315.3	1512.1	1326.7	1160.4	1124.3	2078.7	496.4	0	32734
Q99729	8129.1	11900	10756	8182.9	10435	11610	9707.1	24139	272.08	887750
Q99757	940.74	1558.3	1548.2	1324	996.17	1590.9	2017.4	1539.5	0	56514
Q99798	8987.7	12535	10802	12747	16013	14322	15305	28622	764.1	1005700
Q99805	1147.8	1737.9	1630.7	3033.6	2764.5	3301.8	1631	2323.7	0	38010
Q99829	1330.8	1754.5	1474.8	1110.4	1936	1831.7	1088.1	1806.4	0	63466
Q99832	6606.4	11926	9085.6	9470.6	8871.9	9414.7	10281	13175	0	393730
Q99873;Q9NR22	2508.1	4101.5	4110.1	2712.9	2477.8	5311.9	4262.4	6460.3	0	232560
Q99880;Q8N257;Q96A08	143830	240630	222280	180600	179480	252900	80081	197380	3517.9	6358300
Q9BR76	1585.6	2486.6	2607	1971.8	3575.2	3137.1	2667.4	4937.6	0	142740
Q9BS26	0	462.32	476.76	337.98	387.27	418.3	1012	458.95	0	13426
Q9BSJ8	0	0	0	0	0	0	0	0	0	0
Q9BT78	1040.5	1582.2	1238.7	1651	1269.7	1752.2	849.41	533.93	0	22065
Q9BTT0	1051.2	1808.8	2053.5	2506.7	1979.6	2051	3435.8	2497.7	0	91844
Q9BU70	346.86	794.74	558.2	0	1063.2	302.16	749.93	1032.3	0	66212
Q9BUJ2	0	0	0	0	0	0	0	0	0	0
Q9BUN8	2218.6	2568.1	2068.3	1201.2	1131.4	2505.8	1964.8	2674.7	0	110140
Q9BV35	0	0	0	0	0	0	0	0	0	0
Q9BV40	458.99	875.1	1088.4	830.04	1521	1601.4	725.1	2759	0	50772
Q9BWH2	0	0	0	0	0	0	0	0	0	0
Q9BWJ5	1954.9	3496.1	2698.3	2611.6	3478.1	2398.1	1506	1435.5	0	67217
Q9BWM7	3155.2	5719.7	5784	4130.2	9425.9	14992	4724.8	6783	0	253810
Q9BXP5	668.14	1707.9	1786.8	2202.6	1822	1980	1954.3	2559.9	0	94183
Q9BY67	633.36	1459	1044.8	643.02	845.57	679.83	846.51	2436.5	0	43996
Q9BZH6	0	0	0	0	0	0	0	0	0	0
Q9BZQ8	0	0	0	0	0	0	0	0	0	0
Q9BZZ5	0	0	470.95	0	396.69	0	597.03	352.91	0	15764
Q9C005	0	0	0	0	0	0	0	0	0	0
Q9GZM7	966.25	1638.7	2117.9	1589.6	3052.9	1555.1	652.4	1076.2	0	30195
Q9GZZ1	527.08	611.08	534.6	0	616.69	452.06	369.17	786.63	0	20696
Q9H0A0	0	0	0	0	0	0	0	0	0	0
Q9H0R8;O95166	0	672.08	291.84	796.93	298.8	0	0	674.91	0	24192
Q9H1E3	662.07	512.27	807.04	684.08	1328.4	1228.5	681.23	1716	0	49901
Q9H223	0	0	0	0	0	0	0	0	0	0
Q9H299	959.13	444.8	1330.8	1063	1060.3	1180	630.66	1388.6	0	53766
Q9H307	0	0	0	0	0	0	0	0	0	0
Q9H444	360.13	600.32	518.24	0	399.64	544.24	612.6	1283.6	0	46035
Q9H4G4	282.05	1093.1	1976.7	752.15	2208.2	3154.8	1253.4	2223.9	0	74625
Q9H4M9;Q9NZN3;Q9NZN4	3037.8	5402.2	5943.7	4204.3	7666	3542.2	3310.7	4474	0	154890
Q9H792	0	0	0	0	0	0	0	0	0	0
Q9H8Y8	325.87	718.33	684.55	0	684.24	2048.6	415.18	372.64	0	17508
Q9H910	0	0	0	0	0	0	0	0	0	0
Q9HAV7	0	0	0	0	0	0	0	0	0	0
Q9HB71	3114.7	5921.2	3939.4	4594.7	3640.4	3704.5	3762.6	5565.8	444.52	224610
Q9HD45	1000.4	1541.8	722.57	1150.5	1458.1	1776.9	2100.2	3803.7	0	126050
Q9NP72	0	0	415.46	579.22	351.32	575.01	418.29	353.44	0	15258
Q9NQC3	1882	2540.6	2269.4	1314.9	1920.9	1924.7	2301.2	4797.9	0	139260
Q9NQG5	0	274.24	391.49	344.16	668.23	0	0	0	0	2662.9
Q9NQW7	0	0	0	0	0	0	0	0	0	0
Q9NR30	3017.5	4807.5	4625.4	3693.2	5206.2	5414.1	3055.9	3597.3	350.14	117400
Q9NR31;Q9Y6B6	1046.4	1506.7	1706.5	1245.8	1216.2	1531.9	413.5	2377.2	0	63913
REV__Q9UNY4;Q9NRD9	3984.6	4344.7	2797	2557.4	3362.7	2611.7	2160.3	7011.1	0	224510
Q9NRP0	950.07	968.9	1207.2	946.15	1536.5	1251.9	1810.4	1027.2	0	29725
Q9NSD9	329.5	1030.8	345.88	3186.4	677.39	681.2	398.48	477.87	0	16993
Q9NTK5	600.46	2958.6	2218	1593.6	2540.6	2053.6	1829.6	2264.8	0	57077
Q9NVA2;Q14141;Q9P0V9;Q92599	3502.6	1743.8	2965.9	1443.2	1714.9	1757.3	705.16	2509.8	0	66220
Q9NX63	540.14	1178.9	434.82	1618.9	1415.4	1170.5	369.33	2115.5	0	60602
Q9NY12	601.07	1547.1	1556.6	1570	1738.9	1348.9	1158.3	754.49	0	38999
Q9NYF8	506.59	1207.6	1493.1	1656.3	1705.6	1088.9	867.95	4153.3	0	88407
Q9NYU2;Q9NYU1	1605.4	3008.1	2156.7	1778.6	2894.1	2842.9	1694.8	3527.2	0	114620
Q9NZ01	2342.8	4375.7	3982.7	6655.1	6582.1	4010.4	1883.2	3773.4	256.39	90889
Q9NZJ7	0	0	0	0	0	0	0	0	0	0
Q9NZM1	4638.7	8555.9	5460	7215.3	8399.2	7707.3	6940.2	10954	437.85	315440
Q9NZT1	0	0	0	0	0	0	0	0	0	0
Q9P258	6016.9	4660.6	5456.1	4845.4	5650.7	6061.1	5178.9	4927	0	187500
Q9P2E9;REV__Q9P2M7;Q8N4C6	6029.7	7461.5	5596	5055.1	6415.9	7208.2	7371.6	16282	345.16	514940
Q9P2J5	0	0	0	0	0	0	0	0	0	0
Q9P2K5	1252.3	1431.8	1533.2	1893.2	1562.5	1604.4	2367.3	1511.8	0	40076
Q9P2R7	548.96	835.33	1868.6	942.61	1261	1139.8	1719.7	1260	0	34229
Q9UBG0	419.15	516.16	945.09	489.8	442.89	1015.7	395.35	721.78	0	15162
Q9UBQ0	665.63	684.88	1175.8	380.54	458.38	1184.9	902.71	1273.2	0	59806
Q9UBR2	1253.5	3943	3163.3	3214.2	3769.8	4302.4	3109.2	5078.8	0	236620
Q9UBS4	2921.8	3047.7	2566.4	2785.4	1362.8	2755.6	2252.8	5292.1	332.93	135060
Q9UBT2	1041.9	1563	1144.2	811.12	2194.4	1461.8	952.29	2205.7	0	55099
Q9UBX7	1427.2	1231.7	5630.3	846.33	1669.5	1246.5	1653	3878.4	367.71	108170
Q9UG63	0	0	0	0	0	0	0	0	0	0
Q9UGI8	0	0	0	0	0	0	0	0	0	0
Q9UGP8	0	0	0	0	0	0	0	0	0	0
Q9UHA4	0	0	0	0	0	0	0	0	0	0
Q9UHB6	277.43	315.53	356.89	0	0	548.51	628.87	546.9	0	29192
Q9UHD8	0	0	0	0	0	0	0	0	0	0
Q9UHV9	0	0	0	0	0	0	0	0	0	0
Q9UHX1	1916	3496.4	2217.6	2356.5	3088.2	3737.2	5200.1	7909.8	0	277250
Q9UI15	1641.2	1750.9	1415.5	1391.8	1673	2103.7	1012.8	1379.7	0	51515
Q9UII2	1688.8	3066.8	2083.5	2681.4	1491.1	2188.6	1874.4	3248.9	0	141720
Q9UIJ7	0	2525.6	1617.7	1770	2232.1	1155.7	1240.7	2641.7	0	77141
Q9UKM9	1468.3	2507.3	1973	3529.3	3496.8	4344.8	2443.4	5603.8	0	169200
Q9UKV3	779.83	1128.1	4360.6	1062.6	1763.6	1239.1	670.78	1344.2	0	56956
Q9UL46	341.07	526.73	789.03	0	321.88	539.17	374.75	0	0	4479.2
Q9ULV4	2763.1	3492.1	3896.3	2867	4440.8	3374	3407.8	6208.9	0	189550
Q9UM00	480.36	0	638.65	591.23	1122.5	871.05	349.41	374.32	0	6481.1
Q9UMS0	0	543.21	453.55	583.15	675.96	817.1	752.25	709.08	0	13274
Q9UMS4	1736.2	3788.9	2757.3	2047.6	1262.1	2327.1	2509.6	4374.9	0	117670
Q9UN86	0	0	0	0	0	0	0	0	0	0
Q9UNF0	1028.8	1016.8	882.67	1267.8	1020.1	833.9	484.61	2178.4	0	32202
Q9UNH7	754.15	1033.9	1226.2	727.38	2146.6	897.98	540.8	1523.3	0	33626
Q9UNL2	0	0	0	0	0	0	0	0	0	0
Q9UNM6	997.92	1054.3	714.5	533.58	544.13	394.93	845.69	1505.4	0	54400
Q9UNZ2	0	0	0	0	0	0	0	0	0	0
Q9UPN3	0	0	0	0	0	0	0	0	0	0
Q9UQ80	6238.4	10554	10677	8014.8	10295	14629	7501.3	17043	0	575750
Q9UQE7	997.45	2170.2	1722.9	2601.5	2728	1947.5	833.95	840.39	0	24155
Q9Y224	0	0	0	0	0	0	0	0	0	0
Q9Y230	1461.2	2894.1	2416.3	2395.8	2243.5	3698.1	2444.8	5230.3	0	119000
Q9Y262	3064.3	5510.6	4703	4034.2	3918.4	4272.3	5006.9	7214.2	0	203450
Q9Y265	608	1178.8	862.64	439.08	1078.3	1578.1	910.14	1793	0	56866
Q9Y266	0	0	0	0	0	0	0	0	0	0
Q9Y277	2843.6	6907.6	5461.1	14719	5826	8156.2	8140.1	13798	0	466920
Q9Y285	0	0	0	0	0	0	0	0	0	0
Q9Y2B0	348.1	1879	1580.8	1318.3	2150.6	2746.5	2325.1	5544.9	0	149040
Q9Y2V2	0	0	0	0	0	0	0	0	0	0
Q9Y2W1	456.16	948.94	934.38	351.51	870.33	1884.2	407.49	2631.8	0	37615
Q9Y2X3	1259.5	4943.6	4780.6	5220	5703.5	8897.2	3783.1	4126.1	0	143910
Q9Y383;Q9NQ29	1002.2	1419.4	1095.3	1083.7	888.75	1326.6	2137.7	1496.9	0	80632
Q9Y3B3	677.28	703.65	1238.9	726.59	1212.7	1003.8	697.95	955.7	0	27072
Q9Y3D6	915.73	1402.5	1482.3	1310.7	1436.6	11268	1070.2	2038.9	0	50964
Q9Y3E0	0	0	0	0	0	0	0	0	0	0
Q9Y3E5	0	0	0	0	0	0	0	0	0	0
Q9Y3F4	1434	2252.3	1890.5	1660.2	1538.1	1282.9	2639.2	3623.3	0	137050
Q9Y3I0	2175.9	4998	3774.6	2374.3	1460.7	3261.1	4266.1	5126.8	0	167400
Q9Y3U8	751.39	1632.5	848.8	1340.9	424.14	2624.4	1155.6	2167.8	0	84254
Q9Y3Z3	0	0	0	0	0	0	0	0	0	0
Q9Y490	11159	16291	16568	14369	17209	19920	14691	23658	0	774360
Q9Y4L1	2201.3	1511.5	2450.3	2503.4	2894.7	2814.8	3503.7	5115.7	0	144070
Q9Y512	577.53	857.21	1718.2	1314.7	2318.6	4088.3	1380.1	1397	0	30457
Q9Y5B9	1748	2254.6	1442	1482.2	2547.8	2768.5	928.52	2673.4	0	65775
Q9Y5K6	615.05	934.36	1051.5	978.45	1012	754.12	467.97	880.98	0	23126
Q9Y5L4	7745.9	8589.6	9342.1	9916.1	11121	10950	11871	1925.1	864.58	27180
Q9Y5M8	650.82	982.85	487.33	710.89	988.5	730.06	766.23	1278.5	0	37318
Q9Y5S9	917.77	2104.8	595.06	1636.6	940.27	716.02	1370.8	2677.9	0	117340
Q9Y617	7650.2	12218	10012	10373	7635.1	9199.3	11049	8891.1	0	280240
Q9Y666	0	0	0	0	0	0	0	0	0	0
Q9Y678	919.78	1273.6	863.37	731.4	1027.3	646.41	627.08	1128.8	0	39497
Q9Y696	708.11	2783.6	1948.6	1558	3968.1	4181.6	2202.2	3505.2	0	90124
Q9Y6C9	905.63	1529	1313.7	3879.6	4370.1	2192.2	1036.7	3549.9	0	134240
Q9Y6G9	862.2	1588.7	2163.2	1468.1	2856	1870.1	1063.6	1550.8	0	27692
Q9Y6K9	1069.8	827.9	677.86	703.03	569.64	863.43	1411.4	1612.8	0	75391
REV__O15360	0	352.83	278.58	0	0	541.96	0	617.9	0	24768
REV__O60437	378.92	5193.4	1338.8	15605	31600	5498.8	2727.7	3493.9	0	115480
REV__O60506	0	0	0	0	0	0	0	0	0	0
REV__P33991	0	0	0	0	0	0	0	0	0	0
REV__P35052	653.74	4465.1	4909	1784.7	3097.4	757.67	772.92	1596.9	0	42406
REV__P98196;REV__Q9Y2G3	3168.2	4199.8	2339.9	1870.4	3215.9	3000.2	4547.5	11860	420.81	381330
REV__Q14C87	665.22	761.54	985.17	670.09	866.14	313.86	1348.6	3095.1	0	120230
REV__Q8TBY8	486.33	512.1	740.8	840.03	1551.9	2041.9	2459.8	7842.3	0	290280
REV__Q8TF21	998.86	1752.2	1920.8	1732.8	3454.6	2586.2	3660.6	1686.6	0	89805
REV__Q92835	0	0	0	0	0	0	0	0	0	0
REV__Q96ST3	3102.2	4676.7	3599.6	4090.9	4781.1	3040.7	5207	15335	711.44	484940
REV__Q9NU22	23377	19205	29607	23799	23406	21313	51009	1075.6	1389.5	16122
